3.06882e-07
1.25455e-13
1.85787e-10
1.79933e-09
8.73731e-05
1.50575e-09
0.973905
9.49336e-07
1.00364e-11
5.02198e-12
8.25662e-06
9.28354e-08
7.52731e-14
1.42108e-07
3.95454e-05
1.02918e-12
6.08402e-14
1.00209e-12
8.53602e-09
5.3757e-13
1.44329e-14
8.18289e-09
5.27556e-12
1.90539e-11
6.85896e-13
0.877864
1.07382e-08
1.57467e-08
0.0385728
1.47151e-10
2.5581e-10
5.86198e-14
1.32919e-09
4.04275e-06
1.02363e-13
3.98441e-11
0.000162464
1.22125e-14
4.59632e-14
3.50235e-07
3.2784e-11
1.90797e-09
0.00692246
6.07603e-09
9.64628e-12
1.20941e-11
2.47802e-13
3.73679e-12
2.91793e-08
2.19824e-14
3.77731e-05
1.94616e-09
4.78036e-05
2.1223e-12
2.30001e-08
5.9952e-14
1.55431e-14
2.83453e-11
6.17904e-05
8.68949e-06
4.32679e-10
0.000269717
1.14452e-09
3.38977e-05
7.98323e-10
1.62732e-10
1.23513e-10
5.77716e-12
7.2653e-13
0.0111662
4.59632e-13
2.66405e-05
2.7345e-06
2.89542e-11
2.23976e-12
0.000778261
1.04139e-13
5.18958e-10
3.92682e-08
9.66405e-09
4.13003e-14
4.27569e-12
1.94149e-07
1.19837e-09
1.71563e-07
1.57652e-14
3.22145e-11
6.10623e-14
3.54439e-09
2.95154e-09
2.55396e-12
5.45786e-12
0.974509
1.90292e-13
1.04843e-05
0.000571117
1.74033e-09
1.83495e-07
3.73568e-12
0.0145781
1.39266e-12
5.90518e-08
0.206869
1.07914e-13
0.983735
7.42932e-07
0.969695
1.66467e-12
0.0282185
1.39694e-08
4.24822e-09
8.0768e-08
3.54541e-08
1.108e-13
0.982957
1.3729e-12
5.85961e-10
1.32838e-08
1.03983e-12
9.83658e-14
4.05986e-12
1.20592e-07
0.00076988
7.71703e-09
1.36657e-08
1.63158e-12
3.45302e-06
0.000437595
1.26042e-08
6.60314e-07
7.36278e-12
1.39888e-14
1.13243e-14
2.73852e-09
1.02807e-13
6.33708e-10
0.984154
9.67337e-11
0.977032
0.000595338
0.965496
0.000545794
5.27762e-07
1.17684e-14
3.48832e-13
0.982288
3.84359e-13
0.000213072
5.98632e-13
2.86387e-06
8.69349e-12
3.50113e-11
0.000146936
0.0792509
0.000107438
2.34923e-13
9.6787e-12
4.84057e-14
2.04365e-08
1.30701e-08
0.894492
8.30378e-05
0.00395493
2.31193e-12
4.41554e-06
4.24109e-09
2.87548e-13
8.83118e-11
1.47942e-11
7.67786e-11
4.09194e-07
4.41869e-14
0.000572302
0.96736
2.17604e-14
2.83107e-13
7.34968e-14
3.05311e-12
0.984201
2.28642e-11
0.000196017
0.972151
2.31829e-07
7.30426e-07
9.11585e-09
2.53649e-06
3.12639e-13
1.54321e-13
0.000257934
1.38309e-11
6.1829e-05
6.13344e-10
1.08269e-11
8.21145e-11
0.867397
1.0747e-13
1.36156e-10
7.57859e-06
3.85675e-09
4.17288e-12
4.44556e-12
2.03051e-05
1.53211e-14
2.39808e-14
0.000171833
5.52885e-05
6.22169e-13
1.63989e-10
2.56599e-09
1.60653e-07
9.58851e-08
7.27196e-13
2.10753e-05
2.86268e-09
9.45643e-08
6.37268e-14
1.79734e-11
7.11867e-05
5.76333e-10
3.26724e-10
4.32161e-11
1.26462e-06
2.68616e-07
1.1066e-06
2.63845e-10
0.000289424
1.1642e-08
4.88143e-12
2.14717e-13
3.53097e-06
0.984222
1.89499e-07
1.12419e-09
1.14436e-05
1.09311e-07
1.6315e-09
3.10119e-11
2.75727e-09
1.24323e-12
7.31987e-06
4.41869e-14
0.00092304
1.10627e-07
8.38987e-09
6.69788e-06
8.88178e-14
6.99441e-13
1.10348e-09
1.03583e-07
1.93829e-08
6.17843e-07
2.85406e-09
4.2029e-09
3.14924e-11
6.46272e-06
0.00212547
5.69825e-08
0.000617638
1.09812e-11
2.236e-09
5.26446e-10
6.78635e-12
3.21965e-14
2.0341e-09
1.5099e-14
0.000374389
7.50311e-11
2.53498e-07
3.95542e-07
1.27276e-11
1.22598e-09
1.4065e-07
0.000170255
3.42001e-05
1.26612e-07
3.19088e-10
1.00586e-13
1.00999e-07
5.94611e-11
0.984245
4.20106e-06
5.71512e-06
1.13243e-14
1.5099e-14
7.86696e-08
8.08242e-14
1.22125e-14
1.00142e-13
9.41888e-06
0.117601
1.4817e-07
2.98602e-07
1.95454e-08
0.0367722
1.58855e-07
0.972818
1.07183e-10
3.4548e-08
5.75096e-14
1.2812e-13
3.3018e-13
2.05736e-08
2.01927e-12
0.145763
1.3072e-09
2.02967e-05
7.06102e-13
5.60938e-10
0.00172711
1.82965e-13
2.14523e-10
3.95239e-14
3.82583e-13
5.50671e-14
2.27596e-13
0.00050467
1.44773e-13
0.983018
0.978363
4.36401e-06
6.34826e-13
1.42053e-11
4.47218e-10
1.89226e-12
1.77976e-08
6.31269e-07
1.40665e-12
6.94556e-13
1.8987e-12
0.982544
7.90243e-11
1.69087e-12
4.60479e-07
0.000219446
5.0336e-05
1.08116e-05
5.08038e-13
1.71809e-09
1.85497e-09
3.84875e-06
2.11184e-10
8.22054e-05
0.971991
0.000196546
4.94417e-06
1.01652e-12
3.13856e-09
2.54463e-12
1.13243e-14
2.56974e-07
2.98568e-11
4.6281e-10
2.40915e-09
1.18218e-10
1.22791e-13
6.75911e-07
1.43569e-10
0.000735372
0.983653
3.26406e-14
1.53703e-07
1.88907e-06
0.978278
5.97189e-12
7.73044e-11
7.44995e-11
8.97116e-08
0.00186206
1.78242e-08
2.13651e-11
1.18614e-11
9.48099e-11
0.000289621
8.33173e-07
1.29633e-08
3.5247e-08
7.51797e-08
0.941501
6.04405e-13
5.85088e-12
8.45102e-13
2.77178e-12
1.35205e-10
5.30687e-14
1.14647e-06
3.37964e-06
0.00120391
0.968261
1.13237e-10
2.48723e-10
0.00227179
6.40155e-13
5.0987e-11
2.12819e-11
0.000409492
1.98407e-06
0.000249559
6.54887e-05
3.82405e-09
3.59064e-11
0.982817
2.10432e-12
2.79939e-10
0.00131782
1.8694e-05
4.28584e-06
1.65824e-07
1.11576e-09
2.62518e-09
1.66533e-14
4.89362e-06
3.58053e-08
5.13567e-12
1.10263e-06
4.79709e-05
4.41425e-13
2.43159e-07
1.89479e-09
2.30582e-07
9.07041e-11
4.1398e-12
1.38058e-07
2.56596e-06
7.9492e-14
8.17493e-05
0.982699
1.89955e-09
2.35416e-10
1.66218e-08
2.14671e-11
2.64122e-12
1.92866e-07
4.99889e-12
6.52258e-08
0.982628
2.26485e-14
1.57636e-05
3.64618e-10
7.57172e-14
4.74065e-13
6.05065e-07
1.47829e-06
8.04954e-08
0.0185762
3.13083e-14
1.80822e-06
2.22329e-11
6.51548e-05
3.99507e-10
4.22684e-12
1.22791e-13
4.61374e-05
2.06501e-14
2.82184e-09
1.24276e-10
2.91221e-09
2.29248e-10
0.000872402
2.15648e-05
2.46247e-12
0.000265904
1.65251e-07
3.25385e-10
6.24214e-05
2.53006e-09
2.66187e-12
1.29242e-10
1.22125e-13
1.79257e-12
0.0055402
6.59091e-05
3.36172e-06
2.13297e-10
1.32252e-09
0.983995
8.09832e-07
8.30498e-10
1.61338e-07
2.39909e-06
8.7752e-13
1.12852e-11
6.13354e-12
0.982558
1.72771e-11
2.5116e-08
0.983662
3.57492e-14
1.89404e-13
8.4466e-11
1.46878e-11
7.66054e-14
4.46521e-11
2.23783e-10
4.06342e-14
6.34564e-06
9.26585e-05
0.983899
0.956331
2.22045e-14
8.77047e-08
2.39249e-11
1.25429e-07
3.6683e-06
1.05129e-09
6.16435e-08
0.0261502
1.81655e-12
0.000100469
7.04699e-11
2.70248e-09
0.000257651
0.974834
3.00003e-06
3.3602e-12
2.24701e-08
1.29101e-08
7.13321e-06
7.09888e-07
3.95017e-13
1.61204e-13
4.38494e-12
1.09018e-07
3.59483e-10
0.189144
7.21001e-12
1.11505e-06
3.37508e-14
2.90878e-14
0.983696
1.11688e-13
1.23437e-07
6.9043e-08
0.984083
2.50826e-10
9.35363e-12
9.11823e-08
3.86286e-08
2.39808e-14
0.271792
6.87539e-09
2.51133e-06
3.76896e-06
3.03846e-12
1.45208e-10
0.000110302
2.98258e-07
0.012377
1.01756e-08
5.67013e-12
2.28315e-11
2.78709e-07
8.74806e-10
1.95347e-09
5.42042e-11
1.93358e-10
1.07356e-11
9.25926e-14
4.69424e-11
0.884994
3.49705e-11
2.9865e-13
2.04927e-11
3.03689e-10
5.29787e-09
4.19502e-09
0.000207904
3.19078e-13
3.73695e-09
6.45217e-12
8.69788e-09
3.01981e-14
2.40474e-13
8.56331e-10
1.54714e-11
1.03878e-06
3.81147e-05
1.16263e-10
5.88743e-09
0.00349357
2.9919e-10
0.00029906
0.00077534
3.20398e-10
5.11872e-07
1.09699e-11
7.49178e-12
1.5099e-14
3.67798e-08
2.24265e-12
2.33112e-07
1.69187e-05
1.53001e-07
0.000263552
4.6438e-10
4.9873e-11
1.91098e-09
2.23011e-07
4.71709e-05
1.13465e-13
0.0154592
9.7154e-10
1.2151e-08
6.38511e-12
5.77316e-14
4.32987e-14
3.21965e-14
1.93845e-13
0.000249341
8.56155e-09
2.21245e-12
1.58638e-11
1.44329e-14
1.15739e-06
4.87858e-06
0.00552207
1.20807e-07
4.76635e-09
0.981996
1.17639e-09
1.84297e-14
1.35779e-09
8.81317e-12
5.69708e-06
1.25233e-13
0.00376219
0.00559589
1.46261e-11
4.95609e-07
4.70313e-12
0.0448523
4.61853e-14
2.79571e-07
2.6514e-10
4.9043e-10
0.976306
9.09273e-13
6.70575e-14
5.16742e-12
1.31672e-13
0.000232468
1.21566e-05
4.22269e-11
0.971293
2.61749e-07
5.9952e-13
8.01765e-10
0.000655987
5.74438e-08
0.979446
1.3893e-06
2.73124e-06
2.77955e-12
7.89913e-10
1.23223e-09
0.980895
9.09617e-07
6.08358e-09
3.66374e-14
5.68304e-08
7.94514e-10
7.92211e-10
0.976733
1.60771e-07
0.00166529
1.29635e-10
0.975674
1.26565e-14
3.83471e-13
0.000311542
9.98783e-09
4.57711e-09
0.000107754
0.000554153
4.4631e-14
2.53194e-07
1.99622e-05
3.49754e-11
9.29257e-13
5.12923e-14
4.61853e-14
5.91191e-08
0.98201
6.83831e-12
0.000246009
2.35145e-13
4.66915e-06
4.05254e-11
0.982667
1.68929e-10
2.37213e-07
1.11985e-08
0.0013663
8.67776e-10
0.981606
0.16116
0.000187156
1.49503e-12
0.0050359
2.04969e-12
1.38486e-10
4.16784e-05
1.54334e-08
1.83656e-07
0.000379907
0.979205
4.64073e-14
3.16695e-05
5.61422e-10
3.12017e-12
7.66181e-06
0.00153229
4.78937e-07
5.03204e-07
2.54609e-05
2.92386e-11
1.87406e-13
2.33895e-11
0.978527
9.74682e-10
1.06746e-07
3.54906e-09
1.52429e-05
2.44788e-09
1.08136e-13
1.39333e-12
4.50562e-05
1.58717e-12
1.47012e-10
0.00161836
2.71726e-05
4.86479e-07
0.00106763
3.20632e-13
0.98377
1.78302e-12
0.983418
1.63425e-13
0.968969
0.980606
0.0112253
0.000129211
4.02005e-11
0.0901828
7.82929e-13
3.1213e-08
9.13772e-10
9.45244e-13
7.9714e-14
1.74126e-10
1.22208e-06
6.69954e-06
4.94395e-10
3.66374e-14
0.982206
0.00170438
2.11368e-09
8.39329e-14
0.000135637
0.00167482
2.04904e-06
5.02501e-10
4.10647e-08
0.982652
6.16607e-09
0.843707
6.19504e-14
1.7409e-11
1.37446e-13
8.25451e-12
3.73923e-13
7.96431e-06
5.55878e-09
9.83658e-14
1.22125e-14
2.23502e-05
0.983329
1.1225e-10
0.00574893
7.72162e-07
0.984102
3.00208e-08
9.18759e-05
1.32804e-10
0.000216068
5.56355e-12
1.15585e-10
3.21743e-13
0.983347
1.05179e-08
1.07445e-11
2.05043e-11
1.64726e-10
6.61693e-14
5.03876e-05
3.50897e-12
2.16049e-13
0.000394067
0.000111071
5.96412e-13
0.00629169
2.51986e-10
3.78159e-06
0.0122196
2.27326e-09
0.000480302
3.4861e-14
2.26339e-11
2.38853e-08
1.29412e-08
1.51087e-06
7.31615e-12
7.14295e-12
1.80293e-06
1.93179e-14
1.07684e-06
0.00481269
9.21965e-11
4.53911e-09
0.982861
1.07083e-10
1.27801e-06
8.17896e-05
7.25093e-11
0.977806
1.96754e-12
0.000413224
1.02807e-13
0.000838724
1.29557e-06
0.000256843
2.4636e-06
0.00332438
7.95547e-05
9.47623e-09
5.71424e-06
2.75113e-13
2.82155e-07
6.09823e-12
1.57255e-05
1.01474e-13
2.0044e-12
6.83897e-14
0.983807
4.18234e-06
1.27676e-13
0.0264801
1.24345e-14
9.96863e-05
1.28577e-11
0.982739
5.06017e-12
4.63859e-07
1.62093e-14
0.000452825
8.15792e-13
1.82077e-13
2.64077e-07
6.01363e-12
1.67265e-09
1.79856e-14
2.80813e-10
0.778317
1.83374e-09
3.30496e-08
0.0380327
0.96062
7.10274e-06
1.40127e-09
1.19764e-11
6.14069e-05
0.868901
0.000827738
0.000121214
6.31357e-11
2.14162e-12
9.16547e-07
1.17684e-14
2.62715e-07
5.94559e-06
0.729089
0.968997
0.980805
2.11668e-08
1.45897e-08
5.84797e-11
6.75591e-06
3.6336e-08
0.000111204
2.90661e-08
4.62963e-13
3.35324e-08
2.83673e-09
3.78142e-13
2.00032e-06
2.13518e-12
5.56666e-13
1.53977e-09
7.646e-06
1.91976e-09
1.70836e-08
1.66533e-14
4.16378e-12
0.978737
4.89253e-12
0.984056
2.86438e-14
0.00086299
0.00202423
3.19744e-14
1.00897e-12
4.33898e-09
1.22333e-11
1.0094e-05
4.17444e-14
1.05624e-10
0.898286
2.03372e-06
0.30259
0.974666
9.14182e-11
6.23945e-14
2.79549e-06
0.0031918
0.140604
2.11962e-05
2.60014e-13
1.75415e-14
1.71897e-08
2.14549e-07
7.68814e-11
2.14273e-13
9.13453e-05
0.000742478
3.17679e-12
0.983355
6.41074e-08
2.51906e-08
0.00219109
1.22696e-09
1.32302e-07
0.0570672
4.77736e-07
4.09377e-10
5.72875e-14
1.13476e-11
0.362037
3.5949e-13
2.24658e-06
3.98481e-12
1.83786e-12
7.50713e-11
6.40391e-10
2.60537e-06
2.3208e-09
2.24265e-14
2.35786e-09
1.49341e-11
1.0729e-10
4.0942e-05
1.41424e-08
1.51653e-08
4.91914e-09
3.49365e-12
1.7351e-09
3.21965e-14
1.36485e-08
7.10576e-11
5.39619e-07
1.8211e-11
1.66288e-09
7.51399e-13
1.24101e-12
2.11288e-10
3.19858e-10
2.19742e-11
1.52545e-13
1.05785e-09
4.52971e-14
5.77316e-14
1.00391e-08
7.24115e-10
1.0271e-07
3.94554e-08
0.185656
2.63231e-05
0.0015971
0.00376367
0.974431
7.96474e-13
1.1724e-13
5.1078e-11
9.15568e-10
0.00256586
9.45174e-06
2.70554e-07
3.06422e-14
1.47179e-09
0.983208
1.63203e-13
1.29896e-13
1.99291e-07
7.57439e-12
7.66374e-08
6.38067e-11
8.75231e-09
1.17684e-14
4.02599e-08
2.64611e-12
1.73195e-14
2.12126e-07
1.26565e-14
4.1178e-10
1.9984e-14
1.36422e-06
1.79468e-09
2.16049e-13
3.06621e-12
6.42593e-11
4.06545e-07
6.08259e-10
1.22142e-11
8.77857e-05
3.36965e-07
2.88658e-14
3.00346e-09
5.21116e-12
0.000175664
3.05722e-05
3.68738e-10
1.07113e-06
7.30416e-12
0.0417986
1.68754e-14
9.24275e-06
0.000415614
7.42073e-13
9.42821e-10
9.48885e-12
1.81659e-11
4.75175e-14
4.83391e-13
0.983249
4.03899e-13
6.31968e-07
0.00672592
1.89398e-08
6.68785e-09
1.35875e-09
2.9475e-09
0.000267168
1.78337e-11
3.53615e-07
5.69611e-12
7.49783e-06
1.46909e-08
0.00687907
2.05898e-11
1.56594e-05
5.94103e-12
9.09295e-12
3.67846e-11
1.39999e-12
2.77264e-10
0.983185
2.91989e-13
2.08722e-13
1.15907e-13
0.00485546
0.000357876
4.02123e-13
6.67549e-08
6.58432e-09
1.05993e-09
0.00581415
2.94653e-13
1.51212e-13
2.37987e-12
0.000471528
0.0105458
1.44852e-10
1.41755e-05
2.18773e-08
4.46633e-06
0.022989
0.000168367
1.07582e-09
3.48926e-07
0.983601
2.41222e-09
8.92175e-13
3.77576e-11
3.07205e-09
1.46445e-07
1.33664e-11
2.54022e-07
1.84297e-14
7.88984e-05
9.39987e-10
1.9649e-08
8.40561e-11
4.13891e-13
2.93647e-06
4.74705e-08
1.16525e-11
3.13269e-06
1.47484e-11
6.43686e-10
1.57166e-09
1.4163e-07
0.000340493
2.90878e-14
9.42957e-05
7.91358e-10
5.80069e-12
8.08456e-11
6.60276e-11
3.67018e-12
4.40317e-09
7.28306e-14
8.52651e-14
5.33162e-10
1.32561e-13
8.22201e-07
3.18203e-11
3.65707e-13
4.60343e-06
6.21425e-09
1.19334e-05
8.66423e-05
1.00883e-08
6.17949e-08
1.0657e-11
0.000196778
1.35425e-10
2.17104e-07
1.5774e-12
1.92012e-05
6.55072e-09
1.9984e-14
1.06581e-13
1.67866e-13
1.79412e-13
3.33722e-08
2.98448e-07
1.21925e-12
8.21828e-07
6.54466e-08
7.47651e-09
4.0939e-06
4.27981e-10
1.38157e-06
9.24512e-06
4.2628e-09
4.73621e-10
8.69719e-10
9.57012e-14
4.05875e-12
2.27714e-07
0.00045975
0.98412
1.29525e-07
9.01619e-09
1.87851e-10
0.00490149
9.75255e-11
2.62648e-05
7.0572e-11
2.45645e-08
0.983665
1.87877e-08
2.62042e-09
3.90354e-13
2.62057e-12
8.99414e-12
1.64711e-08
2.08278e-13
6.66649e-09
0.962656
4.40359e-12
0.676622
2.44249e-14
4.77637e-10
9.23706e-14
0.0828587
1.83897e-12
3.89733e-08
3.19238e-10
6.33435e-08
0.00104934
2.00153e-06
1.04339e-12
6.86425e-07
1.4153e-09
0.000611169
8.71943e-05
3.87617e-09
5.92308e-06
3.03555e-07
0.000202164
1.21886e-10
1.33671e-13
1.42319e-07
8.24935e-05
9.02661e-10
1.698e-09
0.983423
9.21301e-05
4.39648e-14
5.4472e-12
2.03393e-13
0.978192
4.59341e-06
2.86886e-06
6.78442e-09
1.96645e-06
7.42914e-05
0.00236948
6.63981e-10
1.55209e-13
4.03899e-06
1.75532e-07
4.34383e-07
2.32201e-11
1.03372e-07
1.77535e-08
1.65172e-06
3.12705e-12
0.000159839
1.70565e-07
5.2288e-06
2.78349e-06
0.00057018
3.49765e-12
2.02904e-12
2.49807e-06
9.42683e-09
0.00349059
3.69038e-12
0.00123003
9.47254e-10
3.95695e-10
7.26345e-09
6.70891e-05
5.77405e-12
6.51035e-13
1.70974e-14
1.15725e-06
1.23368e-12
4.81923e-06
0.00163446
3.17578e-10
0.190174
5.47703e-05
1.86155e-08
2.22045e-14
2.30305e-12
1.83844e-07
7.77622e-12
4.47611e-09
9.04333e-08
2.83773e-13
2.12363e-12
1.97364e-11
2.46464e-10
1.0129e-10
5.4823e-08
2.73752e-05
1.44037e-10
1.46567e-05
0.0257958
0.842846
0.983925
1.32405e-12
1.39936e-09
4.01592e-10
8.66169e-07
8.06311e-12
1.28256e-10
7.18955e-06
0.923139
3.35865e-12
1.08538e-11
6.69105e-10
6.61449e-12
1.62441e-09
4.17899e-08
2.22159e-05
3.01981e-14
0.9457
1.3565e-09
0.000377364
0.00942971
4.6737e-07
7.40519e-13
1.31006e-14
4.96837e-06
3.98792e-12
5.72875e-14
1.15441e-12
1.43743e-10
1.74527e-13
9.87623e-08
3.76804e-07
7.62945e-13
1.0858e-13
9.17044e-14
0.968542
2.79168e-11
0.000329862
2.49167e-11
0.000449206
2.99096e-11
1.025e-11
2.33971e-11
8.35204e-10
7.97274e-09
0.000649926
1.8977e-11
0.963303
0.000131286
5.86198e-13
0.984116
0.000148497
4.09939e-12
1.29205e-09
3.3423e-11
1.72862e-12
3.95239e-13
3.51038e-09
1.21458e-13
1.53166e-11
6.54696e-11
8.11573e-13
0.000118696
3.81917e-14
4.09006e-13
2.01072e-05
4.87266e-08
8.31134e-09
4.97586e-11
4.25215e-13
2.17797e-08
0.000123018
5.23254e-08
2.61501e-10
8.12195e-12
1.61349e-07
2.26041e-05
1.49702e-12
2.98233e-07
3.16689e-06
1.2366e-06
5.38108e-06
3.25417e-11
2.60536e-09
0.978493
1.20324e-09
2.28708e-07
8.41708e-08
4.94498e-05
6.58989e-05
1.32405e-08
5.21805e-14
1.25972e-05
4.42979e-13
6.66314e-11
3.20739e-09
2.4034e-05
8.4821e-14
1.94515e-05
1.63161e-11
2.49156e-12
6.252e-05
3.90799e-14
3.86802e-13
1.03961e-11
0.00634217
3.86358e-13
5.55112e-14
6.02407e-13
1.65512e-11
7.78316e-06
7.32747e-14
2.14983e-08
0.000426409
1.5853e-10
1.32339e-12
2.72115e-07
3.64375e-13
2.0794e-11
5.00694e-07
3.75255e-14
8.97993e-12
3.85319e-10
9.43406e-07
2.8495e-12
2.63484e-07
1.25741e-08
0.000346142
0.00014949
2.00344e-11
3.4861e-14
9.99201e-14
1.00121e-09
5.26031e-09
6.64457e-06
1.01252e-09
1.31006e-14
3.9746e-14
0.00030093
1.44329e-14
1.01657e-10
4.80549e-07
4.08682e-11
1.61166e-10
2.8987e-10
0.981724
0.0113586
4.3916e-12
4.12559e-13
0.972899
4.79685e-11
2.6624e-06
6.82928e-05
4.59529e-08
1.93301e-10
1.8616e-10
8.22271e-11
3.95239e-14
2.10898e-12
1.37012e-08
2.19876e-05
2.59792e-14
1.42109e-14
3.98766e-05
7.30704e-07
1.13719e-07
1.88313e-09
0.00181188
2.50096e-06
1.45085e-06
0.979662
0.0143484
7.83022e-09
2.2293e-07
2.12397e-05
0.975607
8.49678e-05
0.977368
1.59872e-14
2.9754e-14
4.45555e-12
1.37224e-13
2.42251e-13
1.45979e-08
4.58958e-07
4.21883e-09
9.587e-12
7.21403e-10
7.15632e-05
5.32575e-10
9.89839e-10
0.981029
0.975532
0.982048
1.1545e-08
4.97997e-08
1.04414e-11
0.983149
1.45203e-06
7.99777e-06
1.9873e-13
1.93179e-14
7.15206e-13
5.54537e-07
3.67284e-12
1.12088e-12
4.28413e-12
4.74589e-06
7.41629e-14
2.00728e-13
0.00129267
1.36506e-11
0.00026498
0.963968
8.06786e-06
1.87386e-05
3.1609e-05
0.00023055
1.45735e-11
1.31763e-08
2.56263e-10
8.92004e-10
0.000184489
5.60274e-05
4.51195e-13
3.60783e-08
1.04961e-06
1.90532e-11
4.27436e-13
2.61351e-09
0.980201
5.96471e-10
1.35019e-10
7.14933e-09
2.50036e-09
3.57866e-09
3.51568e-11
1.15102e-09
4.46108e-05
1.25034e-05
3.61402e-11
3.99526e-10
3.75897e-07
2.39364e-13
1.07205e-05
2.02385e-11
1.92853e-07
1.7631e-11
0.983723
2.40918e-13
0.000615766
6.32735e-10
7.61613e-14
8.19462e-05
0.000312557
1.28786e-14
0.972611
4.47358e-07
4.08562e-14
5.27069e-11
0.97561
4.25682e-12
3.05533e-13
1.87628e-13
2.42565e-09
5.63993e-14
2.57909e-10
3.08317e-05
4.22329e-13
6.14851e-05
8.18269e-07
0.000401936
1.09031e-11
0.97904
0.00147441
9.3314e-10
1.4121e-08
1.3658e-12
6.17542e-07
0.00666326
4.08029e-12
2.48135e-12
1.24647e-10
0.983956
8.14904e-14
1.57652e-14
1.11862e-11
0.00985847
2.97096e-13
0.977875
9.62563e-13
1.46549e-14
3.45916e-05
1.14516e-10
0.983544
6.21725e-14
4.72407e-11
5.9297e-12
0.981143
4.51388e-11
2.33902e-07
0.0185888
2.61692e-08
2.32327e-05
3.68594e-13
1.24228e-06
1.8674e-12
1.74358e-10
6.13776e-12
9.60385e-11
6.31793e-10
2.2114e-08
0.0313004
8.05134e-13
8.45822e-09
4.2566e-13
3.81917e-14
0.00113091
0.00778467
6.41038e-09
3.82361e-13
9.7684e-07
1.35905e-09
1.3374e-08
1.0949e-12
1.77636e-14
5.13751e-08
1.03645e-10
3.42247e-10
4.65224e-10
1.10061e-05
3.75663e-06
0.000190414
1.26699e-12
1.77386e-10
2.03926e-07
3.29605e-08
5.41789e-13
0.031069
2.54854e-10
1.95695e-08
8.54459e-07
1.57977e-05
1.07816e-06
2.29786e-10
6.39924e-10
5.00044e-13
2.73521e-11
2.45369e-09
0.0182071
8.06644e-12
0.000700599
0.975144
7.17004e-12
1.97155e-05
1.89818e-08
2.15956e-08
4.06342e-14
1.07692e-13
4.06523e-07
1.19489e-06
1.66973e-09
4.77207e-11
3.84137e-14
7.06229e-05
5.99825e-09
3.91739e-08
0.00495648
1.64313e-14
4.19042e-05
1.16243e-11
2.61255e-11
0.00012339
1.84208e-12
7.50711e-12
0.000306342
9.88098e-14
5.6331e-06
0.00659453
8.3733e-13
1.13864e-12
2.12847e-05
2.33147e-14
0.982981
0.984137
2.02061e-14
1.42432e-10
0.0655362
6.92779e-14
1.39724e-07
1.12199e-07
1.22438e-07
0.0138687
0.000656281
0.973071
1.08027e-05
6.63913e-14
4.18459e-06
9.69637e-10
8.4821e-14
5.88579e-10
4.84057e-14
0.00068002
7.95617e-06
0.00546662
4.64933e-09
1.45695e-10
9.21515e-07
2.5235e-06
6.27054e-13
4.25879e-08
1.21344e-07
8.01465e-05
5.08791e-11
0.983487
6.47038e-13
0.598328
1.44329e-14
0.0344489
1.33995e-09
1.45225e-07
3.25824e-08
1.21826e-05
4.71178e-10
1.4051e-12
0.977758
1.51706e-10
2.12297e-12
1.73097e-09
4.4269e-07
8.51899e-05
2.90656e-09
1.89009e-06
3.9065e-11
0.978647
4.90719e-14
4.77116e-11
1.08379e-06
8.22765e-07
3.60112e-12
3.5556e-11
1.65005e-07
1.38549e-06
3.5286e-06
3.84933e-10
4.44917e-08
1.00304e-06
5.15667e-06
1.75453e-10
7.39284e-11
3.45945e-13
1.86507e-10
8.20163e-05
3.53779e-11
4.20468e-11
1.24312e-06
1.56063e-09
1.70974e-14
0.851244
6.10486e-08
6.42864e-12
1.35976e-07
1.17684e-14
0.000106237
5.29576e-13
3.78297e-12
1.9984e-13
3.50825e-08
1.71187e-08
3.45561e-11
3.79941e-11
0.00026242
1.06271e-12
0.0063106
0.00372498
3.58602e-13
4.17444e-14
3.84683e-07
3.56768e-11
0.086514
5.4144e-08
3.78715e-06
2.20317e-11
1.92779e-12
4.36193e-06
1.15962e-06
6.13287e-12
0.0703945
0.00116806
0.973237
4.61031e-09
0.981307
0.121296
0.00840108
0.00633664
9.57678e-13
2.59871e-07
4.3119e-08
1.13748e-06
8.53063e-09
3.42337e-09
1.64235e-11
2.48596e-08
0.00445294
2.4869e-14
3.60951e-11
8.05131e-06
1.14112e-05
2.75913e-12
4.0439e-11
1.20054e-10
1.6581e-11
3.52986e-07
6.07794e-09
0.000623601
5.84015e-07
7.34238e-08
0.976326
0.969322
0.000449528
0.082158
6.21725e-14
1.38584e-06
7.1195e-08
3.05835e-05
3.68323e-10
3.74656e-12
2.04703e-12
2.45559e-08
1.9118e-13
3.89306e-07
1.22197e-05
0.000183116
0.000888961
2.64233e-14
2.20712e-13
5.67564e-11
2.84217e-14
2.91539e-05
7.65832e-13
5.44698e-06
3.82945e-07
5.55156e-12
0.00886642
0.00430521
0.0124344
2.24998e-12
1.50235e-12
3.19966e-13
3.9341e-08
1.17684e-14
3.5083e-14
4.79172e-13
0.0098259
3.14056e-08
9.94386e-08
1.64463e-06
8.72755e-11
9.28121e-08
4.45807e-06
4.15715e-10
3.16724e-11
1.25258e-11
1.07002e-09
2.24179e-10
0.00858296
6.24156e-09
2.29522e-10
1.09411e-08
1.9662e-12
2.41173e-09
0.00218286
3.29727e-11
7.25857e-11
9.47593e-07
1.29033e-10
2.89302e-12
2.32522e-07
0.00578518
2.44693e-13
4.89386e-13
1.07933e-08
3.33067e-14
1.29674e-13
4.54303e-13
0.975923
4.38552e-10
8.66396e-12
5.64215e-13
5.6228e-09
9.12883e-11
0.983845
0.0080931
2.81097e-07
1.79479e-12
4.87002e-11
6.22905e-09
1.96287e-12
0.00651243
1.78547e-05
0.968795
1.49591e-12
2.15383e-13
7.95786e-12
8.78391e-06
1.51976e-08
0.000825629
0.000160877
2.60355e-05
7.45864e-08
6.20526e-12
0.000112464
0.000220677
2.20712e-13
5.92461e-07
1.08758e-05
2.8779e-06
1.49044e-09
2.23202e-06
7.97294e-10
5.41738e-05
0.00202269
1.7191e-09
9.73843e-12
4.28635e-12
5.57262e-06
1.57195e-09
1.72855e-07
1.97108e-07
5.64437e-13
6.10182e-05
4.1665e-05
0.175341
2.66454e-14
2.58848e-11
0.00171149
8.57239e-10
7.63914e-08
2.78222e-13
6.45706e-13
4.00917e-07
2.36e-05
2.99464e-06
0.982712
2.6148e-12
0.000116711
1.06843e-05
0.957535
8.96676e-11
0.79464
1.0699e-11
1.02854e-10
1.1724e-13
1.23751e-10
3.4616e-09
6.55854e-05
9.36318e-12
8.21599e-06
2.49635e-05
2.31548e-09
3.9477e-08
3.78467e-10
1.43925e-05
1.13243e-14
0.981458
7.31568e-08
2.35367e-14
2.30593e-12
2.15513e-08
4.45646e-11
0.000201631
4.50751e-14
2.78289e-12
1.04738e-12
1.59317e-12
3.27884e-09
1.23257e-12
1.54479e-08
4.3036e-09
0.000313111
0.832878
1.86652e-08
3.19744e-14
2.9094e-06
2.75335e-14
2.13363e-12
1.55841e-07
1.84949e-10
3.37508e-14
5.9751e-06
5.44453e-12
4.24828e-10
2.62812e-09
1.05951e-10
0.962664
6.48264e-11
0.975145
8.41549e-14
0.000757867
4.22636e-08
2.10143e-12
0.00891964
0.00970493
0.000237769
4.56491e-05
6.1815e-12
1.63149e-06
1.35225e-13
4.30006e-06
3.41949e-13
1.06132e-07
1.26478e-05
3.29147e-07
6.81736e-08
1.63951e-06
7.98472e-13
6.00797e-09
5.63993e-14
3.95794e-07
2.10337e-09
6.55174e-10
2.0557e-06
0.000629434
3.1235e-12
6.67806e-11
2.05088e-06
1.90736e-13
4.57412e-14
4.81837e-13
0.0034916
0.0306646
5.52658e-08
0.982225
0.980824
0.000321999
7.73946e-10
1.75633e-08
1.19904e-14
4.45131e-11
0.00877259
1.68598e-12
1.04805e-13
4.66756e-10
2.51824e-09
1.48859e-12
7.28482e-07
6.08402e-14
4.27643e-08
1.95399e-14
4.97824e-13
1.70047e-10
8.61755e-13
1.61531e-11
1.00131e-11
7.56451e-06
3.66374e-14
0.00606707
7.73004e-12
7.90479e-14
7.84244e-10
0.000219263
1.08999e-06
0.975706
3.24185e-14
0.983419
1.77645e-11
0.0322137
0.000104531
0.000648354
1.17684e-14
2.151e-09
2.90185e-05
6.34115e-12
0.942027
0.982356
6.47762e-06
0.150571
0.98141
3.37982e-06
2.2477e-08
4.28546e-14
2.93754e-10
7.27418e-13
1.78968e-13
7.73065e-09
1.99483e-10
0.972731
6.11635e-10
0.00149583
9.81437e-14
4.78173e-12
5.56784e-07
3.9852e-09
2.22883e-09
3.11568e-07
3.60706e-06
0.984218
2.28706e-14
6.15064e-14
5.10235e-05
1.67866e-13
4.45743e-09
2.45008e-09
6.62683e-11
6.26166e-14
6.34175e-06
7.0304e-06
6.59472e-14
0.0258227
8.04343e-05
4.95515e-12
2.07755e-07
5.42918e-05
6.95e-14
1.59305e-08
1.34684e-09
2.06332e-10
2.75335e-13
5.70459e-08
2.06812e-12
0.007039
3.59854e-11
4.23841e-09
1.75415e-14
4.30762e-06
8.69368e-08
1.87322e-07
6.95051e-07
2.24536e-07
0.000263513
4.4651e-10
2.78888e-13
1.11439e-09
6.51479e-13
2.73322e-10
8.74643e-07
9.45163e-10
1.93402e-07
1.40399e-12
9.79402e-09
1.08322e-08
6.72658e-05
0.971509
8.81517e-14
2.9976e-14
9.35847e-11
5.84643e-13
5.57332e-12
6.16933e-08
0.983748
0.00151999
0.00696285
4.82598e-11
0.982584
3.91021e-13
6.83233e-10
2.19824e-14
0.977764
6.64974e-06
4.34741e-12
1.17072e-09
7.11513e-06
1.67795e-11
1.33005e-12
3.92001e-08
1.68754e-14
1.98019e-12
6.28164e-13
9.02407e-09
1.79598e-08
5.49463e-10
1.18128e-13
3.18727e-09
0.0279134
2.6888e-09
7.67137e-11
1.4877e-13
2.02061e-13
0.000185528
1.17413e-05
1.72403e-10
1.88532e-07
6.92779e-14
0.000720233
4.69336e-06
1.26392e-05
9.5686e-06
1.63333e-07
1.95399e-14
0.000403557
5.24653e-10
8.31779e-12
0.976694
1.13243e-14
2.39367e-09
1.25765e-10
1.37958e-06
4.45421e-13
0.979782
0.877965
0.034425
4.47204e-06
5.10673e-10
5.63416e-12
0.000708014
3.60747e-06
2.645e-12
0.000563089
3.94795e-13
1.39856e-06
3.11806e-10
1.53157e-10
1.22495e-11
1.16818e-12
0.0308859
1.89986e-10
2.67246e-07
0.000659468
0.00018572
2.18596e-11
8.10493e-08
2.40551e-06
1.73773e-06
7.42696e-07
1.0437e-11
8.11039e-05
5.4917e-11
1.31145e-09
5.85361e-10
4.01901e-13
2.47593e-06
2.18637e-10
6.80789e-12
3.22187e-13
7.54863e-06
2.1966e-08
2.81493e-08
1.87612e-10
0.982491
0.00745346
5.70655e-14
0.000368206
2.2303e-10
0.975106
8.17288e-11
2.85767e-06
4.08851e-12
5.2388e-08
1.64313e-13
4.64859e-09
2.18604e-08
1.75193e-06
1.67649e-09
1.95618e-07
1.39888e-14
0.000109436
7.03996e-07
2.37721e-12
4.21885e-14
2.10942e-14
1.2641e-07
1.30909e-06
2.46118e-06
4.84057e-14
0.0640407
2.47453e-09
6.27791e-06
1.39444e-13
4.3654e-13
0.000150741
8.63929e-08
9.37268e-05
7.16502e-11
5.94746e-12
9.98003e-05
1.24212e-09
2.50611e-08
2.4678e-12
0.959482
2.38485e-06
6.61845e-10
2.36963e-09
2.15383e-14
3.53886e-06
2.05637e-10
3.42061e-08
2.39808e-13
0.00162479
0.000351556
5.47232e-08
3.69646e-10
1.92356e-09
0.0027607
0.0103979
0.221298
0.0172637
2.67711e-10
1.09729e-05
1.55209e-13
5.62661e-13
0.0836115
5.82645e-13
2.10561e-08
0.419518
0.000393603
7.16893e-12
3.92776e-05
1.05105e-11
9.19862e-10
3.43088e-11
6.095e-05
8.40583e-11
0.695616
0.000465609
3.31241e-09
6.68067e-10
3.29514e-13
8.96394e-13
4.0834e-13
1.05371e-10
5.20028e-13
0.00052199
4.68514e-13
0.00103581
0.0422258
1.13243e-14
0.505091
1.73583e-10
9.88224e-10
0.00197658
4.48239e-09
3.43744e-06
5.39519e-10
2.17566e-11
1.53582e-06
2.48022e-10
0.00148498
0.982863
1.07168e-08
4.0867e-09
5.22232e-05
0.00385222
2.06042e-10
0.983051
1.63842e-10
1.44676e-07
4.20744e-05
3.72176e-08
1.12456e-05
0.00794694
2.91704e-11
6.72795e-14
6.30167e-10
9.17449e-05
1.39731e-07
1.61901e-05
0.00409998
2.05419e-07
7.12592e-07
4.74527e-06
1.90021e-06
1.53211e-13
3.98029e-09
0.899155
4.39648e-14
3.81917e-14
0.874916
7.60202e-10
9.80254e-10
4.89996e-07
0.00108526
3.7112e-08
4.44089e-13
0.982728
4.69091e-12
8.08686e-13
0.00121756
3.56826e-13
1.01354e-05
0.000580925
1.47504e-12
7.18701e-05
1.55875e-13
3.05997e-07
8.06821e-12
3.06159e-09
9.17044e-14
3.97597e-07
1.66978e-12
6.15193e-10
1.37646e-05
2.6905e-07
9.29886e-07
3.33511e-13
9.87233e-12
1.15283e-08
2.69841e-09
2.88392e-12
2.58094e-11
4.4631e-14
7.00312e-07
3.02498e-09
0.718491
0.00907343
3.76581e-05
3.76121e-12
1.75193e-13
1.809e-12
3.56448e-05
1.01121e-06
0.00862353
5.68925e-09
8.89173e-11
1.69198e-13
4.3505e-11
4.52656e-06
0.00490984
9.19166e-07
3.46527e-09
0.0102083
1.88991e-10
2.96142e-07
1.58702e-06
1.34105e-10
4.33942e-12
5.70085e-08
5.76864e-07
6.37911e-09
2.17826e-13
3.66374e-14
7.45848e-13
0.982807
2.84011e-09
1.52153e-07
2.34472e-11
1.70375e-12
0.00104718
7.86012e-09
1.23153e-11
0.00721414
1.74749e-13
0.00016367
3.45862e-05
1.92079e-10
1.79295e-07
3.84853e-10
4.1146e-07
0.0001756
5.13412e-12
4.9849e-13
0.001492
1.77955e-10
9.01501e-14
0.00109828
4.94784e-11
2.23377e-13
1.03384e-12
8.26006e-14
1.29548e-10
1.27232e-13
2.8022e-13
7.34968e-14
1.30603e-06
5.91906e-09
5.28943e-08
1.33538e-12
0.000171996
8.2324e-09
0.963266
6.49563e-06
3.59007e-06
7.9714e-14
0.00140604
1.58074e-12
3.5419e-11
0.976176
2.3026e-13
9.2128e-05
0.00159165
3.61884e-10
6.3937e-06
1.57652e-14
6.98899e-10
2.89763e-09
8.3645e-07
1.25322e-12
4.41869e-14
3.51941e-13
1.13099e-07
1.06848e-09
6.02965e-07
0.0502032
8.16885e-10
8.8132e-07
0.921431
1.74539e-08
1.19066e-08
2.27336e-07
7.59146e-07
2.88321e-09
1.68376e-10
2.89324e-13
2.69554e-06
6.55032e-14
0.00224979
6.74882e-12
0.00654773
1.20725e-10
0.832018
4.77241e-05
1.29452e-13
1.74083e-13
3.5969e-12
0.0013773
0.975436
1.40155e-12
4.61423e-07
0.0002442
6.78829e-10
7.05658e-13
0.926237
2.57184e-09
1.82743e-13
9.78799e-11
2.0189e-05
5.78412e-10
0.000903907
2.89689e-09
9.87968e-06
7.62415e-11
2.20828e-11
6.84164e-12
1.50901e-05
0.498768
1.14616e-08
1.07025e-13
1.36315e-09
4.86273e-07
7.15635e-09
2.78959e-08
7.88258e-14
2.03892e-11
2.9976e-14
3.38396e-13
5.21543e-11
2.72227e-13
9.60787e-13
6.35851e-06
4.94606e-09
1.96281e-10
1.09492e-06
4.38683e-09
5.4167e-09
2.08327e-09
6.5306e-06
1.15621e-08
2.23754e-12
9.34252e-10
3.26508e-06
4.38431e-06
6.4837e-14
1.69864e-13
7.58393e-06
1.10831e-11
1.66089e-13
0.10072
0.0704818
1.11885e-05
2.78465e-08
0.000152083
1.106e-12
2.38631e-12
4.34599e-06
1.6378e-08
9.28189e-08
8.391e-09
1.08816e-05
2.10167e-05
1.50894e-09
5.51263e-05
1.22569e-13
2.18651e-08
5.09229e-10
9.97384e-07
5.43934e-10
2.83878e-09
0.000135042
5.48672e-13
2.14643e-06
0.191708
2.07545e-12
9.82165e-11
0.0005646
0.980056
1.21398e-08
2.16678e-09
6.46329e-08
0.000125858
1.70974e-14
3.72614e-09
5.97499e-09
6.56811e-09
2.86438e-14
1.58904e-10
0.0177503
0.00101977
4.72955e-14
1.64844e-11
1.49842e-09
4.40092e-13
1.12976e-12
5.80626e-10
0.000369963
1.19016e-13
1.92545e-06
1.6953e-10
2.76645e-12
3.04921e-11
0.0130066
0.0012422
2.72377e-06
3.69971e-08
0.000144833
0.172742
2.0092e-07
1.88575e-10
0.00540056
1.61537e-12
7.59264e-08
8.14836e-10
9.10161e-13
3.24256e-11
8.26716e-12
0.000949478
0.00311421
5.5048e-09
0.0349337
0.025738
3.74381e-05
1.07072e-06
1.11824e-11
6.0145e-07
1.68643e-09
7.88333e-09
9.31366e-12
0.253208
8.30873e-06
6.82826e-06
4.77868e-07
1.28786e-14
0.0792625
6.41357e-08
2.34787e-10
1.09726e-11
0.000750432
2.58615e-09
0.000216291
5.80294e-10
9.86627e-05
0.0299453
2.86438e-14
5.79722e-06
8.02466e-07
0.0017979
1.68754e-14
0.695694
0.000255509
9.60851e-08
1.17354e-07
0.983401
3.20854e-13
4.29434e-13
2.3374e-08
1.75519e-07
6.00857e-11
8.63642e-11
2.00727e-08
2.55818e-12
2.01528e-12
0.0028766
0.977113
1.25702e-07
7.24913e-10
1.13805e-07
1.1065e-08
9.18881e-11
7.4742e-07
1.52483e-07
1.81295e-09
2.2787e-07
7.26255e-11
9.23706e-14
9.87366e-12
6.50524e-08
9.31033e-13
7.02746e-07
0.000118298
3.28557e-05
2.48273e-11
1.37671e-06
3.67842e-08
9.96839e-09
4.13229e-11
1.44329e-14
5.66214e-14
1.24888e-06
6.17284e-14
0.982004
2.22845e-07
1.65466e-10
1.08358e-13
1.24345e-14
7.64034e-06
3.0762e-07
6.75728e-08
4.20172e-09
1.03906e-11
3.07046e-10
0.00499825
5.64099e-08
8.59563e-09
0.00375449
0.000309886
1.72682e-11
1.20209e-06
2.36922e-13
1.33227e-13
2.0547e-07
0.000140868
5.90794e-12
1.01915e-09
1.62159e-12
0.000193074
6.68898e-05
1.09912e-13
0.00454214
1.54987e-13
0.000500418
1.30218e-05
0.00373475
1.55684e-11
8.77436e-07
6.11988e-11
3.03313e-12
4.09742e-10
1.51173e-07
1.64313e-12
1.7918e-10
2.17099e-08
2.21831e-07
0.00234367
3.3513e-08
1.5585e-09
8.83603e-10
7.43003e-11
2.46886e-08
0.412621
2.17918e-07
0.000307576
2.84217e-14
8.80562e-12
4.3228e-05
3.12815e-10
5.49318e-09
1.74697e-10
1.29095e-09
6.15064e-14
0.000363932
1.12133e-13
2.28706e-14
1.26343e-13
6.60072e-12
8.02415e-09
2.89905e-10
0.0109288
3.33287e-09
2.77031e-06
6.07863e-05
1.02671e-10
9.95308e-06
0.000720007
8.83147e-11
4.4611e-12
0.0502349
0.00132564
1.3427e-12
1.0937e-07
9.90097e-13
0.000438135
4.68656e-09
1.00367e-10
2.6271e-06
2.18803e-12
0.000259662
0.000579576
7.58959e-09
8.95904e-10
1.5512e-11
1.9984e-14
3.69216e-12
9.26068e-06
1.70558e-06
1.62403e-07
8.3121e-09
2.91933e-11
6.61435e-05
2.86671e-06
1.89953e-10
2.28326e-08
0.00165202
5.55112e-14
2.4726e-11
2.57735e-08
3.13269e-11
2.35315e-05
1.96754e-09
8.05903e-05
4.2109e-05
3.0938e-10
0.00908595
3.30047e-12
0.173536
1.35447e-14
1.40935e-07
6.81233e-13
8.09925e-05
6.7133e-12
2.32344e-08
8.56692e-12
1.18771e-06
1.58097e-09
0.790038
2.02322e-10
0.979988
4.15121e-06
1.20487e-06
7.8312e-10
5.81535e-13
0.000675948
1.73803e-11
0.98406
0.981312
0.982023
1.77636e-14
1.35287e-07
0.983895
1.26477e-12
8.32544e-08
1.58962e-12
0.000101144
2.69197e-06
0.983243
2.41883e-10
1.61607e-10
8.33234e-10
0.983514
0.00769298
1.7761e-05
2.17604e-14
6.83645e-07
1.76871e-09
6.06678e-09
1.39138e-06
0.000103857
0.984018
0.984217
0.000608718
5.94393e-11
4.90015e-06
0.00719819
2.96305e-09
1.24235e-10
0.000107399
0.111288
3.61933e-14
1.57827e-11
0.0406006
0.980672
0.367371
3.91858e-11
1.24838e-07
1.2777e-05
1.14934e-08
0.00745
0.000811147
2.29486e-10
1.42921e-09
1.76888e-07
4.12829e-06
1.37884e-07
0.0358764
0.0240245
1.15431e-09
2.81276e-09
7.62676e-09
