0.0149496
1.11465e-10
6.50159e-05
0.000298597
0.00159126
0.980287
2.53895e-10
1.97415e-05
6.3572e-06
0.00249563
2.66132e-06
0.000110959
0.0104685
0.0191258
0.00639128
1.29891e-09
1.0215e-05
0.882295
1.23129e-10
5.27787e-07
2.00218e-12
0.000840665
0.000611245
1.33915e-11
0.980283
0.00029638
2.00364e-11
0.000146366
0.085631
4.02534e-06
1.57666e-06
1.4222e-12
6.18379e-11
0.955146
3.63225e-11
5.60578e-08
0.00441392
3.86358e-13
3.23851e-08
2.01383e-07
1.30761e-08
0.000105713
0.0990788
0.000126231
5.07362e-09
0.979449
0.980541
2.66729e-09
1.17181e-06
6.05153e-05
0.00940306
1.70048e-07
0.012653
1.70752e-13
2.0285e-07
0.980255
2.33122e-11
3.78486e-11
0.000107312
7.82522e-06
0.980004
0.0114603
0.979961
0.00622673
6.45883e-09
6.87517e-12
3.11329e-12
0.980252
1.44085e-10
0.0185904
0.980415
0.000534636
8.79752e-09
2.94769e-08
2.95541e-13
2.16497e-05
1.30318e-11
6.41341e-05
0.000427258
0.0343061
8.55192e-09
6.37858e-07
1.58166e-08
6.22741e-05
6.89695e-08
1.47636e-08
1.74188e-08
0.980489
0.979549
8.51914e-11
0.0154158
6.2012e-11
0.00162372
9.57471e-08
0.000269043
0.000110051
7.57172e-14
0.000159744
1.89545e-09
0.0723905
7.495e-11
4.48102e-06
0.000148486
0.0401953
4.77558e-07
0.0626813
0.00775177
3.7727e-06
0.0141777
9.88259e-05
2.60268e-05
2.40313e-09
0.980327
1.74584e-10
0.0243191
0.979694
0.979832
0.000243178
1.5292e-06
6.54152e-10
8.55334e-06
9.5675e-07
4.2516e-07
1.7649e-08
0.000150364
2.56817e-11
0.00762782
0.00160702
6.19586e-10
0.979909
2.35406e-08
0.000343998
8.06989e-05
7.66299e-06
1.64393e-11
0.000286773
0.0010061
8.28511e-11
0.000807956
0.006184
3.43131e-06
0.0532878
1.57665e-05
0.980167
5.62661e-13
5.2135e-09
0.0049026
0.0142236
5.68323e-12
4.67735e-06
8.84404e-13
2.04098e-07
0.00763162
0.167731
0.0343416
2.68471e-09
1.12577e-13
0.000136457
2.02984e-05
0.980372
7.433e-07
0.00516303
0.00227698
0.972666
0.0066866
0.00240841
1.55298e-11
1.34954e-09
0.979278
1.47473e-06
0.000456634
3.6593e-12
0.0248044
9.25874e-06
7.03171e-12
0.000130889
8.67815e-11
9.50844e-11
6.31385e-05
1.04455e-08
0.00298782
8.54063e-11
0.000716928
0.028732
1.54017e-05
3.81435e-05
9.27893e-11
2.16198e-11
0.0139906
2.00915e-10
0.0965955
1.51893e-05
1.17622e-07
1.71036e-10
0.203913
3.55147e-11
1.09357e-05
8.79594e-07
0.00135422
0.000533698
0.974265
0.00264358
4.7774e-11
1.69572e-06
0.974601
9.25575e-05
1.01141e-08
0.00010676
8.5762e-06
0.971125
3.78359e-06
4.35143e-11
0.000988566
6.80544e-08
0.000103911
0.980525
7.4151e-09
0.00394237
1.90997e-05
0.975274
3.46692e-11
5.76117e-07
0.039762
7.85488e-07
3.13638e-07
0.00168557
0.979999
6.43127e-08
2.95458e-06
0.00587717
0.000696174
5.41815e-07
0.967603
3.79943e-05
2.53013e-09
0.978426
1.64865e-08
0.980322
3.26972e-08
8.11095e-05
0.000243367
8.96795e-07
0.050465
0.000193146
1.12574e-06
0.979021
9.12634e-08
1.37448e-05
0.000358996
6.76496e-09
0.0103672
4.66294e-14
0.000471129
0.97813
0.029134
0.00444222
1.16885e-08
0.0210747
6.75755e-09
2.53565e-08
6.2321e-05
0.000282938
0.000161433
0.000194456
0.000294089
0.000595961
2.79817e-07
0.00317656
1.29338e-05
1.35248e-07
2.44767e-08
0.000140332
0.007558
0.00581915
1.45174e-05
8.96232e-05
0.980465
0.976266
0.978518
2.92433e-13
1.50863e-07
0.00115351
2.83344e-11
1.51204e-09
0.973929
1.39566e-10
0.980518
2.58904e-13
1.71594e-05
0.319939
2.6413e-06
7.78139e-07
0.979468
0.184165
0.0094274
1.38001e-11
0.980304
9.35378e-05
9.43709e-06
2.08544e-12
3.06737e-09
4.43673e-05
8.43061e-11
0.148134
4.98766e-06
1.01839e-10
8.71088e-11
9.82927e-11
0.0142209
9.96314e-13
0.9794
0.0104524
0.247653
1.1664e-12
5.3719e-06
0.000129023
0.0221029
0.0255099
0.00167426
0.00124997
0.979712
6.40757e-06
1.30403e-08
0.979891
5.40601e-11
0.00145597
2.70098e-10
0.000916371
7.64442e-09
0.0235407
2.64011e-13
9.99181e-11
0.000661063
0.0463436
0.0260185
0.00873392
8.52651e-14
0.0299143
0.97979
6.07515e-09
1.62705e-09
1.64719e-06
9.28428e-09
0.95571
0.00313796
3.03213e-09
7.53955e-11
0.0225046
3.91149e-11
3.67867e-06
0.980053
2.4294e-06
0.979697
1.4862e-10
1.50102e-06
2.14957e-08
4.81264e-09
0.00688719
0.00520629
2.40496e-06
4.20397e-06
7.33962e-09
0.000141284
0.980108
5.16098e-10
0.000559259
9.32803e-05
0.00295473
0.0128376
1.29659e-07
3.93815e-05
1.52139e-10
0.00377329
4.5304e-06
6.4714e-11
0.980179
0.038157
0.0103007
3.46865e-11
2.6823e-13
0.980113
0.979793
2.25593e-05
2.72145e-11
0.979143
5.65959e-05
0.00358285
0.000241313
0.977404
3.84215e-06
0.974368
4.99421e-09
4.80167e-06
2.5935e-08
3.51933e-05
4.052e-10
0.138193
0.000344376
0.979264
0.000323258
0.000115293
9.74389e-11
0.000448477
0.977568
1.61595e-05
0.00185019
6.93586e-07
2.5822e-11
6.1553e-06
5.05783e-05
3.93244e-06
5.33911e-10
3.24732e-08
4.3479e-05
3.56278e-08
1.74264e-06
0.000389484
0.0407186
0.979911
0.97461
2.51092e-08
0.977081
1.53151e-08
1.56076e-07
0.106092
0.00247744
0.000443945
1.94113e-09
1.69291e-06
0.000120401
0.00235377
8.29165e-06
1.80296e-06
2.16619e-05
0.00434945
5.28422e-12
0.0890138
1.40756e-05
3.47507e-08
0.979968
0.000413146
0.000199504
0.851203
0.000137669
0.980283
4.78799e-07
4.72494e-08
0.979078
0.974492
1.18035e-07
1.06581e-13
0.000219283
6.14362e-05
0.00363907
1.66637e-07
6.49426e-05
0.979516
5.01821e-14
0.00423236
0.980431
0.00158147
3.72285e-09
1.59781e-07
0.378578
1.66815e-06
1.10529e-08
3.23851e-08
1.26477e-09
0.98008
0.00227149
0.011698
0.00061826
1.68881e-09
0.974371
6.27837e-10
2.89664e-05
3.20247e-07
0.00158931
0.0177176
4.40687e-10
0.0012557
0.0335542
0.000842328
3.35889e-06
5.08829e-06
0.00563974
6.00511e-05
0.0169697
0.973564
6.0916e-07
1.09821e-11
0.000168261
0.978027
2.51098e-10
0.00468662
0.00103643
2.67786e-13
0.00343916
7.08544e-13
0.00794965
0.00184425
5.20997e-06
1.83978e-05
8.27205e-12
0.979748
0.000507099
9.07005e-10
0.86892
7.17598e-08
6.75383e-06
5.5237e-05
9.49482e-06
0.00275127
0.000943643
2.14363e-06
5.65219e-06
5.88234e-10
0.00129344
3.11158e-08
7.61258e-12
4.15838e-09
0.979413
0.979279
0.000342782
1.22487e-09
1.09719e-10
1.64757e-13
8.95574e-10
3.61698e-05
0.979736
1.10262e-05
0.978958
8.19593e-05
1.63581e-09
1.42139e-08
1.96398e-06
2.29899e-06
1.09566e-08
3.37197e-12
7.50334e-07
0.00190764
0.00103843
8.59983e-11
0.979797
0.00327128
0.000461941
0.0327474
0.000256313
0.980294
3.9085e-05
0.00146727
4.05967e-10
4.45838e-05
3.77964e-10
3.96956e-07
0.00283632
9.43711e-10
0.979551
8.40464e-05
2.0374e-10
0.0014357
1.95073e-10
3.97902e-05
5.18562e-06
3.18423e-05
0.97048
2.74882e-11
2.61726e-05
3.07708e-09
3.60581e-06
2.53131e-13
0.000190386
1.72084e-06
0.980318
0.336368
1.32066e-06
6.39672e-09
0.00422843
0.00974847
4.48008e-05
0.000949557
0.0163961
0.0015931
0.975219
3.98873e-08
3.66596e-13
0.980136
2.98228e-12
5.04731e-06
0.000172375
0.000288813
1.821e-07
0.00180561
8.01176e-09
7.23178e-09
0.978811
0.00161622
0.0299373
0.000108094
0.000402742
0.979496
1.79678e-12
0.980498
7.68052e-13
8.2605e-12
3.25042e-10
2.21068e-12
0.00277736
3.35287e-13
0.980513
2.24394e-06
6.38822e-12
7.71132e-06
0.0196271
0.980446
1.92172e-07
0.980428
0.00430298
6.78562e-06
0.000191356
1.38048e-06
3.09518e-07
0.00477418
1.00142e-13
0.975059
0.00545199
0.98028
5.99257e-08
3.29098e-08
0.0189177
5.31508e-12
0.001391
1.64087e-09
3.01285e-10
6.83897e-14
1.62496e-08
1.00123e-05
1.66875e-11
4.53917e-06
0.0153127
0.010013
0.980212
0.0481784
1.6817e-07
6.66661e-06
1.31047e-06
3.02251e-05
0.00174609
0.0679723
0.00125983
0.000217191
0.000818546
1.76878e-07
3.9053e-05
6.86589e-07
2.5699e-06
3.60772e-05
0.980473
0.00201663
1.59217e-05
1.78163e-08
0.000515446
3.1111e-09
0.0700742
8.80529e-08
0.00243076
1.1342e-12
1.55243e-08
0.000782392
0.976789
4.35063e-07
0.0446036
0.028797
0.980556
7.27422e-05
2.26285e-05
1.83412e-06
1.35816e-11
2.36348e-05
1.12017e-11
3.34748e-08
5.04653e-05
3.73547e-05
0.0482466
8.4821e-14
2.27252e-08
0.0008132
1.14384e-10
1.45947e-08
4.0346e-05
0.000448441
0.00176513
1.36426e-11
0.0217998
0.0145101
0.000186777
1.97165e-08
0.000699783
1.20747e-06
0.00077573
0.000314338
0.269753
0.979295
0.00189322
2.87228e-06
6.12044e-12
0.0659396
9.06153e-07
6.49236e-12
0.0078545
0.0299545
0.969764
0.979321
0.0155368
3.5974e-08
3.76672e-11
1.11427e-06
3.60139e-07
2.36272e-10
2.08152e-06
7.56588e-05
0.976908
0.980185
5.05754e-10
0.979791
0.000545263
1.8432e-07
8.18881e-11
3.3063e-05
0.00268002
0.00741648
0.0537605
0.980463
0.010497
0.980364
1.659e-05
0.979587
0.00176589
0.00305931
0.121686
0.000110184
0.978727
0.00152176
0.980502
1.32799e-08
0.978148
1.73988e-10
3.09661e-08
5.73197e-08
1.81779e-08
0.97884
0.00203152
6.30202e-10
2.86465e-09
0.0912395
1.53086e-05
1.71996e-12
0.0168228
2.2095e-07
6.02079e-06
5.92573e-06
3.03402e-07
6.66028e-07
1.1554e-08
0.0343029
8.03646e-07
2.45887e-07
2.08516e-07
6.13731e-13
0.98047
0.0105476
1.5308e-11
0.00225467
6.9866e-06
0.000306804
0.0290405
4.29784e-05
0.213089
4.87958e-05
8.20177e-07
0.000459866
0.000106519
6.24483e-06
0.0868404
1.34941e-06
4.60365e-07
1.26414e-10
6.86864e-05
2.0879e-07
0.980286
2.61376e-09
2.04081e-11
9.94249e-05
0.0031266
1.03232e-05
9.9272e-10
0.000162138
3.35028e-05
4.33897e-12
0.0345824
0.980192
0.0031865
0.0523626
0.00419934
0.0137365
3.98104e-12
5.32449e-10
1.46154e-05
1.84964e-05
0.00183474
1.6777e-07
0.0206467
3.69596e-06
0.0024588
1.46144e-05
0.0179322
1.03889e-08
5.97115e-07
0.00179741
1.85566e-05
9.94371e-07
0.980387
8.04064e-08
2.93118e-05
3.43074e-09
0.00102387
1.1877e-06
0.00643465
2.95505e-08
0.0243617
0.000255665
0.050729
7.095e-05
5.32865e-06
0.000921125
7.27196e-13
5.96553e-07
3.57997e-10
0.00214514
2.76645e-12
0.979029
0.000482772
5.66214e-14
0.976157
2.29186e-08
0.0149543
0.000409374
0.0149868
4.95456e-07
5.81034e-05
7.37691e-08
0.974497
2.39299e-05
0.0369409
0.000248384
1.98339e-11
5.86176e-12
0.00248984
4.28123e-07
4.92523e-10
8.40676e-10
0.0512756
3.61805e-05
0.00558634
2.67342e-06
7.04674e-07
0.020592
0.000137941
8.75476e-07
0.684493
0.00164584
0.0711804
3.77581e-08
1.08774e-07
4.26324e-08
5.57254e-08
3.61232e-05
1.80686e-08
0.000166263
1.39379e-05
2.56413e-07
0.0877229
4.58633e-08
0.978008
0.979347
2.37008e-07
1.37088e-08
0.0015243
4.1963e-07
2.18936e-13
2.98784e-06
1.28965e-08
9.41891e-12
6.82174e-08
1.80413e-08
2.59103e-08
4.89164e-13
0.978354
1.77977e-05
4.24922e-06
2.84372e-10
1.14664e-06
9.47609e-08
0.980517
3.50096e-08
0.000296083
0.000111571
0.0531719
0.00148717
0.977113
4.53844e-07
1.49483e-07
1.06112e-07
9.17044e-14
0.000955605
0.000389098
0.00347687
0.0762879
0.000724739
7.85594e-13
4.56315e-05
0.00499461
0.123936
2.4004e-05
0.00104438
0.00205657
8.00208e-06
9.14835e-05
1.71842e-05
9.52567e-08
7.67468e-11
9.35511e-08
0.00139926
3.19886e-11
4.4462e-08
0.979019
5.74749e-05
0.0365326
0.00958813
7.25189e-09
0.0884709
5.27614e-05
1.82084e-05
0.980543
1.98637e-08
0.00376414
2.15483e-09
1.85058e-06
0.980346
0.979766
8.26324e-08
1.41449e-05
9.44212e-08
0.000259839
3.49937e-06
8.58025e-12
0.00304408
3.39692e-07
0.000924337
0.000479063
0.976814
4.41275e-06
0.980279
0.979227
1.97104e-09
2.20759e-06
0.980532
0.000163444
8.70956e-09
0.000579425
2.33595e-07
3.32272e-10
8.63958e-10
1.39338e-05
5.68033e-09
1.40423e-11
1.56783e-07
1.24887e-08
6.69839e-06
1.03546e-05
6.47997e-08
0.000173777
0.0022994
0.0439614
3.6722e-11
0.00430066
0.00144768
6.1396e-05
8.31557e-13
1.79856e-12
1.50688e-06
2.17496e-10
0.00750693
0.0123997
0.000713396
1.1436e-11
1.50568e-12
8.63301e-06
2.61898e-10
6.17284e-14
0.00197524
0.00459578
0.00144142
0.00212427
5.24311e-05
3.787e-08
0.00167866
1.84863e-08
2.57426e-09
0.97923
7.36498e-07
8.6585e-05
0.0313215
9.61124e-06
5.90545e-08
0.0215695
1.58386e-08
5.2434e-07
4.85754e-10
3.59779e-12
0.000129651
0.979935
4.31848e-08
1.5343e-07
0.979812
7.98223e-10
2.84721e-07
0.000571275
0.979787
0.00132709
1.79243e-11
0.225268
0.000109166
2.26637e-05
0.000346018
1.42664e-12
0.00085873
1.56297e-12
1.86531e-10
7.23683e-11
1.05571e-05
1.20924e-06
2.09657e-05
1.33912e-06
0.127431
4.6041e-09
8.20393e-07
0.97937
7.87984e-05
0.00252384
3.39358e-05
2.16105e-09
0.94152
8.80163e-07
4.08923e-06
0.00930959
1.88058e-10
1.59697e-05
1.47984e-06
1.22718e-10
8.96749e-12
0.980242
0.978735
5.26246e-14
1.76525e-13
0.980331
0.000627016
0.0235571
0.000204326
2.31597e-08
0.000875576
5.17676e-09
1.39733e-06
0.000900554
0.000497645
5.57241e-11
8.9026e-05
0.980391
0.000121692
1.82488e-05
8.15087e-06
1.18422e-05
0.0491624
0.0100974
3.55977e-06
0.0215125
7.93056e-07
3.84826e-09
5.54976e-05
1.22026e-08
0.97888
1.26133e-06
0.00844758
3.51426e-06
2.36991e-07
0.0302662
0.00349204
8.08684e-05
1.17164e-05
2.94047e-06
9.01554e-05
1.19962e-08
3.19198e-06
4.9512e-05
7.42961e-13
5.52891e-14
2.39073e-05
7.84262e-13
0.00397861
0.0466709
0.00929191
3.67988e-06
2.2361e-06
5.83994e-07
1.05749e-07
0.978894
0.000122691
1.05595e-10
3.68405e-11
8.14904e-14
2.02725e-09
9.83857e-12
0.000132701
0.980285
4.67807e-10
1.84745e-05
0.972748
0.000175415
5.19607e-08
7.05153e-06
0.00306979
2.31181e-08
6.49026e-05
7.21485e-10
0.000675849
5.73961e-11
0.051406
4.50537e-10
3.82583e-13
0.000697602
0.980083
7.79556e-11
1.53571e-07
0.000161165
5.7108e-08
3.7122e-05
0.980363
0.979297
1.10866e-05
0.000120622
4.92765e-05
0.000239547
0.975998
0.978516
0.972523
1.27053e-07
0.978554
1.47882e-13
0.0235512
0.000178468
0.51767
0.000101446
9.22064e-09
1.45428e-05
7.26027e-06
0.0316213
2.62361e-08
6.41741e-06
1.32265e-08
0.98032
5.19966e-08
1.30562e-13
1.04006e-12
1.13241e-07
0.00825414
0.0242128
9.15138e-05
2.11601e-05
2.86476e-07
0.0133151
5.97709e-11
1.54017e-10
5.33657e-08
0.0161033
2.74525e-05
0.00352289
1.98659e-07
0.965692
0.00790376
0.975683
0.000229932
0.978545
0.000343074
0.014967
9.93954e-07
1.3819e-05
0.00160536
0.00170029
0.00419326
1.10141e-05
4.75738e-07
0.973978
0.00756687
9.69926e-08
0.000117359
0.00201448
0.0139185
1.46465e-11
2.04278e-09
0.980142
0.000148648
2.31566e-05
9.10631e-06
1.58765e-09
0.00193522
2.29147e-06
3.18084e-06
5.68434e-14
0.98001
5.84289e-07
0.0116258
0.00308406
1.02141e-13
1.2921e-05
8.45105e-05
3.10802e-11
3.0876e-11
0.000273481
0.00477854
0.141701
0.00285035
0.0134828
8.94662e-12
1.6076e-13
4.52513e-07
7.49661e-08
0.00262574
0.97902
0.033323
0.00267551
0.980303
0.979278
0.924851
8.21191e-07
1.63403e-10
4.64073e-14
0.978348
6.75615e-12
0.00174716
2.38219e-06
1.91318e-06
6.41087e-12
0.000586529
0.979511
0.980524
1.15168e-07
0.00451843
1.70924e-10
7.10031e-05
7.18657e-07
4.02497e-07
1.15312e-07
1.10235e-07
8.28714e-10
2.50078e-07
1.1287e-07
0.000553352
1.76061e-05
1.41356e-05
0.100957
0.00118523
0.0278363
2.76553e-08
0.00540985
2.25932e-08
1.5099e-12
1.31064e-11
0.980376
0.0014422
7.85005e-11
8.5575e-06
6.02544e-09
0.978139
3.8123e-06
1.03319e-06
6.31043e-05
1.42e-11
3.3884e-13
0.00365274
5.65664e-08
0.0048747
0.00850789
1.48814e-06
2.5148e-09
5.63993e-14
7.49496e-06
3.80331e-07
6.67355e-12
1.35048e-10
3.73846e-08
2.65982e-10
1.40718e-08
0.979644
8.68869e-05
2.55373e-10
0.000132271
0.00114252
4.90268e-11
0.000134313
1.02466e-10
0.011716
2.06105e-07
1.81708e-08
3.71214e-12
3.04183e-05
0.00346975
0.0074285
3.4328e-09
0.0170542
4.95914e-07
5.86198e-14
0.116201
0.000987831
6.12994e-07
0.000799692
0.979713
1.16263e-10
3.48188e-12
4.75342e-06
0.00081705
0.979641
0.977484
2.24106e-09
0.00173621
0.976339
0.980555
0.00211124
0.979327
8.23939e-07
1.36818e-08
7.41761e-10
0.176827
5.41789e-14
2.1563e-08
0.9805
2.02407e-06
0.000103477
0.0106868
9.64873e-12
9.26451e-06
8.40933e-07
0.974907
2.52956e-08
0.978962
0.973274
6.66112e-12
0.000182782
2.11456e-05
0.00256086
0.000178333
0.00733426
4.33669e-08
0.0036233
1.37995e-06
1.70853e-06
0.980228
0.976461
6.14271e-05
2.08485e-08
4.64073e-14
0.979188
2.91965e-05
4.60906e-05
1.68199e-12
0.980528
3.63523e-09
2.12885e-05
2.05364e-09
0.00160562
6.62922e-06
1.39103e-07
0.00018192
5.28466e-14
2.80588e-09
0.0080026
3.3739e-11
1.05815e-08
2.06033e-08
1.74654e-11
7.91841e-10
0.00117567
1.95399e-13
1.49454e-11
0.978764
0.00193891
1.44809e-06
0.00282513
3.79217e-09
0.000698195
0.00573371
1.93964e-09
2.41316e-10
1.16236e-11
1.78763e-07
8.22233e-11
0.0175674
8.20655e-05
0.0010273
0.979511
2.47766e-05
0.000320091
0.000472524
5.36487e-06
0.003223
0.979572
0.000910598
9.34808e-14
0.00577469
0.979276
7.0477e-13
6.27981e-05
0.00296972
0.000102103
4.68514e-14
3.82272e-09
3.80129e-10
2.75469e-07
0.963812
7.76049e-10
0.978732
0.977987
0.00286752
8.71051e-09
4.64073e-14
0.000489123
3.72132e-08
0.000179389
8.46689e-08
0.309175
3.28799e-07
1.722e-06
0.000290747
0.000151489
8.38581e-05
0.00137703
3.35777e-07
8.6907e-05
0.972644
0.000203404
2.186e-07
1.41426e-06
2.02162e-07
3.88239e-05
2.17386e-06
2.29824e-09
0.0010042
8.5288e-07
4.82383e-09
0.670776
0.41059
0.000106947
0.00105919
0.000465572
0.000147524
8.49026e-06
1.01145e-06
2.86508e-07
0.000107285
0.00020518
0.000288089
0.000591678
5.68434e-14
5.10703e-14
4.02211e-09
0.978453
9.42904e-10
6.93095e-10
2.26041e-13
3.11089e-07
0.979659
0.979981
0.00233219
0.980367
0.000304065
0.000127689
0.00312015
0.0062979
0.0095543
0.00114558
1.23129e-07
1.7861e-07
0.979222
0.00492544
0.000114333
0.978864
1.22989e-09
1.25381e-07
0.00070373
6.82867e-11
7.80291e-11
5.3073e-05
0.0891978
0.979826
1.11314e-09
2.68065e-05
0.00363545
0.000305216
1.89029e-11
2.54876e-11
0.00186818
0.00176884
5.3725e-09
1.49613e-10
0.0691737
5.42571e-10
7.86753e-09
3.91219e-05
0.00926048
8.81254e-05
1.15152e-07
1.12564e-07
0.00777586
2.12665e-08
1.11122e-11
0.00135655
0.00470655
5.12923e-14
2.53308e-05
7.67374e-08
9.53815e-12
9.19789e-06
0.112395
0.979706
0.979839
2.21627e-11
0.980152
9.17085e-07
0.979802
0.976172
1.37446e-13
0.980551
2.27006e-06
3.47297e-06
0.960862
3.53663e-09
0.0305781
0.979254
1.43061e-10
7.02901e-10
1.33937e-12
0.0218725
2.45849e-09
2.40227e-06
2.94441e-06
0.000562884
1.30531e-08
0.980565
5.12704e-05
0.0296586
0.0972024
0.016964
9.1968e-11
2.09388e-13
0.0834203
0.000389865
0.000139391
0.028781
0.967943
1.23753e-10
0.00960032
4.65502e-09
0.00178197
0.000781711
0.000107929
0.980364
2.62496e-06
2.869e-06
1.64879e-05
7.46918e-06
2.10054e-13
5.84795e-08
0.0366956
0.980015
0.147296
0.000830188
0.0113549
1.02604e-10
2.32036e-06
0.184566
0.0452141
2.2728e-05
0.0416881
2.47355e-06
0.000327359
1.76832e-05
3.39321e-08
0.00595329
0.000984546
7.84765e-08
3.0678e-05
1.7054e-05
0.979363
2.26053e-09
0.000704573
2.96011e-06
4.38338e-12
2.06202e-06
3.13286e-09
0.000117181
0.0268578
5.21803e-06
0.00356121
9.22434e-06
0.00508216
3.06663e-09
0.000851941
0.967837
6.56559e-06
6.15422e-10
3.40396e-05
3.36571e-06
4.40807e-11
0.0110223
8.39552e-05
0.97963
5.27026e-06
0.000100552
0.073412
9.35119e-12
2.61401e-09
6.10886e-06
0.000984038
9.57255e-06
0.0102352
3.73146e-11
0.0282235
2.40256e-06
0.979618
0.0192066
1.39402e-05
0.0073174
0.980127
2.07361e-10
9.50516e-07
5.56462e-10
7.11369e-07
0.0198678
0.980032
0.00174659
0.0443447
0.980492
0.979981
0.000725152
0.000636773
0.00169121
6.81677e-14
4.71453e-07
2.29532e-05
0.530059
1.22965e-10
0.000154355
0.000103802
0.0192847
0.0085795
0.0452302
0.0164687
0.029095
1.55846e-07
0.000339381
1.23007e-09
0.136521
7.54907e-05
1.08555e-05
0.975136
2.06053e-05
0.00100982
5.2646e-08
0.978839
0.976924
0.979123
7.31569e-09
0.000152136
3.34612e-08
0.001268
6.45617e-12
9.40745e-11
3.76279e-11
0.030898
8.2992e-10
0.0637687
0.98043
3.81248e-05
1.33984e-07
7.51074e-05
5.68522e-08
6.92666e-08
0.0472188
0.0169614
3.90981e-09
1.53477e-12
2.62078e-10
0.0216536
0.000211627
0.0139079
0.979804
0.000687894
2.04636e-12
6.16791e-11
0.979485
3.41458e-05
5.16898e-12
6.99713e-07
1.35146e-10
0.00362539
0.000260701
0.980182
0.980345
0.00229067
1.64273e-07
1.326e-06
3.70166e-10
0.969452
0.979425
0.00387523
0.978671
0.979224
0.000493177
0.980078
1.28203e-10
0.025482
0.978385
0.980189
0.976957
4.86278e-14
0.978838
8.46234e-12
1.05587e-09
7.10543e-14
9.76754e-05
0.977381
4.35489e-11
1.53934e-05
0.0185125
0.0197264
6.57794e-05
0.956254
0.114553
4.51276e-08
0.00063372
4.50154e-09
5.38692e-08
1.6536e-10
0.00182062
9.85214e-11
4.1811e-13
0.000158389
1.42984e-06
1.53269e-10
0.0625131
0.0436873
0.00203727
1.50107e-05
9.87459e-08
0.159208
0.123628
0.0031177
3.21274e-11
1.8136e-08
1.22389e-05
5.94018e-05
0.980163
8.69516e-09
0.0043013
0.976376
0.00486264
6.88338e-13
0.000252027
0.978066
0.976262
1.15323e-08
1.34388e-07
4.08738e-06
0.979871
2.91179e-08
0.00378608
0.089839
0.954548
0.00336859
1.73473e-05
0.00228296
0.00584752
0.000156039
5.24025e-14
4.72955e-14
1.20253e-05
0.00053348
0.978261
3.38414e-10
0.14753
0.000565888
0.98047
2.54451e-08
2.61053e-05
0.00247356
1.06157e-08
6.2082e-07
1.09122e-05
0.887127
0.0738732
0.00148096
2.14327e-10
5.36449e-05
2.68644e-08
1.60683e-06
0.00136863
4.12108e-05
0.0665809
6.27394e-11
2.85697e-07
3.20515e-09
0.0023948
7.41629e-14
8.42728e-11
4.95159e-14
0.00018598
6.95827e-06
0.00204814
0.959886
0.00469839
2.083e-06
4.18178e-06
9.6441e-07
0.000653116
0.980084
6.36982e-05
0.000184193
0.0263461
2.13717e-05
1.91857e-05
2.89891e-07
0.978598
2.20244e-07
0.00108359
9.96935e-07
1.5036e-06
0.980399
9.60245e-11
5.85088e-13
7.96316e-08
0.0553031
0.000144989
7.30565e-06
1.35591e-07
0.980379
8.92908e-12
5.30931e-12
0.023074
7.50127e-11
0.000280009
1.0838e-11
9.0223e-06
0.978264
0.000444672
0.0483765
0.000627474
0.000181146
3.14618e-08
0.00569236
6.31373e-11
6.9541e-07
0.0683762
1.51879e-13
6.04527e-05
3.9877e-12
3.13567e-07
0.00180012
0.000250754
0.00619707
0.00307866
0.00106202
0.00690793
0.980138
0.000136727
0.030632
0.000249171
0.978494
9.99512e-09
0.000195353
7.93526e-07
0.000341158
0.00130748
0.000157572
0.0250693
0.956179
4.12164e-11
0.980429
2.70961e-05
2.76622e-06
0.000266774
2.29756e-05
1.27688e-07
0.00282261
3.27483e-07
0.975061
0.980094
3.30447e-12
0.014615
1.55444e-09
1.74572e-05
7.43849e-14
0.00112379
4.26208e-08
0.00231402
7.75241e-09
0.0229877
0.0210315
0.00700722
1.68489e-05
0.000261986
0.000124522
0.0128367
1.16702e-05
1.00643e-06
8.61955e-12
2.94266e-09
7.18394e-07
0.00326522
9.76494e-10
9.59767e-05
1.83622e-06
0.979563
3.91243e-13
2.25329e-05
0.000124607
9.3475e-11
9.93446e-05
0.00248789
3.65213e-09
2.3651e-05
9.3009e-07
6.59236e-10
0.099113
3.41265e-06
0.979928
0.980411
1.05353e-09
0.176313
5.73386e-12
0.980033
2.26701e-05
8.82534e-06
0.02738
9.1462e-05
2.2079e-05
2.21798e-07
0.00022268
2.4008e-08
0.00174178
2.628e-09
2.84439e-13
0.00143991
8.83738e-14
7.78978e-08
0.0391745
2.38265e-08
0.0232921
4.68231e-07
0.00142447
4.64944e-11
0.0160385
2.46623e-06
1.25408e-08
0.00530652
3.44563e-05
0.0527145
0.131584
3.7611e-11
1.44306e-09
1.37636e-10
0.000433395
0.000343203
0.980249
8.00866e-05
9.60048e-05
1.03584e-06
0.000637049
0.980363
2.2628e-06
2.76211e-10
9.16384e-06
3.0379e-07
1.54504e-05
0.964506
0.0742902
1.87998e-10
9.93543e-10
0.978496
9.66806e-09
1.44709e-05
1.32269e-05
0.0407926
0.000982898
0.0226164
6.11526e-06
0.00295599
0.000119612
1.24994e-09
5.63105e-13
0.000288261
1.72363e-06
0.0255098
6.10789e-09
0.00525866
0.979954
6.14351e-06
0.978216
0.000164951
1.63185e-08
0.968984
0.000449624
1.80522e-13
5.42068e-06
0.980534
1.65108e-09
1.61106e-07
0.00201932
2.68662e-09
0.0155942
1.56739e-06
0.980408
0.0187644
0.00749737
1.24533e-05
0.000104871
1.19593e-12
0.0599214
0.000210792
0.0776189
0.0226753
0.0392525
0.980306
0.977804
0.071538
3.25582e-09
0.032912
6.74586e-07
1.39249e-05
0.279586
1.53986e-05
0.017909
1.36703e-07
0.000137786
1.2221e-06
7.04347e-10
2.49123e-10
0.000338251
0.00126807
0.0216785
1.02756e-07
0.0124314
2.47977e-11
0.000222903
6.41864e-12
0.0423196
1.17121e-05
7.18469e-09
6.20302e-06
9.5679e-13
2.66276e-12
2.72209e-11
0.0110005
1.78536e-05
6.39266e-13
0.973665
4.67802e-06
5.11235e-07
0.977348
0.00946737
1.4936e-10
0.0115219
0.0144681
1.57184e-07
0.00109331
5.45758e-10
8.04486e-06
0.000140611
8.12705e-12
1.71216e-11
2.24014e-09
0.000924441
8.6664e-13
4.5223e-08
1.28885e-08
1.98908e-07
5.41034e-12
2.90677e-07
1.70116e-07
0.019269
1.61605e-06
1.8396e-05
6.73927e-06
0.00029931
0.980484
0.97972
4.31211e-13
8.68638e-07
1.85518e-12
0.978174
0.9757
5.07838e-10
0.000134831
0.00648164
0.0224255
8.85836e-07
3.29703e-08
0.980497
2.01239e-12
0.980235
9.03722e-14
7.87408e-05
0.000550656
0.0289573
0.00104123
1.03087e-08
3.40584e-09
0.980112
1.27182e-05
4.70735e-14
9.61267e-06
0.000206563
4.84635e-12
2.73025e-06
0.000606051
2.15761e-12
7.24487e-10
2.6754e-05
2.49134e-13
0.00099366
3.43581e-06
8.27748e-07
3.31006e-11
2.35506e-06
6.28794e-08
0.980364
0.980249
0.979429
0.00142409
3.31087e-10
6.94308e-08
0.000239017
0.00183671
0.000234984
1.41724e-05
4.02824e-10
0.00806521
1.05323e-06
0.0340508
0.975956
0.00215645
7.61831e-11
1.21624e-06
0.00592154
0.980144
0.000354608
0.0584857
0.00132406
1.97361e-06
0.00753713
1.19904e-13
1.34937e-12
0.00051713
0.111709
4.3499e-06
0.490149
4.64073e-14
0.000791237
0.00569665
9.41252e-06
0.124589
3.30949e-11
3.51666e-06
0.980223
2.76341e-06
8.62397e-10
9.77085e-12
0.0747742
0.979888
0.0461186
0.00153812
2.73181e-06
0.0479945
0.000192896
0.000290228
1.36666e-05
3.74258e-05
9.83687e-06
0.00680724
2.27661e-08
5.25394e-07
0.972612
7.48373e-07
7.57775e-07
1.03611e-06
0.975827
1.17215e-09
6.06443e-05
0.000489677
1.75843e-09
1.16211e-07
1.29674e-13
0.946515
0.980297
0.00128778
8.05273e-05
1.24716e-11
1.62782e-05
2.8804e-05
0.977429
0.0243393
0.0988832
1.08049e-05
2.05092e-05
1.85969e-08
1.43341e-07
0.000751149
2.98945e-11
0.0169226
0.968575
6.90625e-12
4.8026e-12
4.69029e-07
6.30305e-05
0.000385353
0.9802
0.980424
2.08462e-09
0.00218874
3.598e-06
3.22e-11
0.974462
0.000157196
0.0104325
0.0151008
0.980427
1.88497e-05
0.00419703
0.00196623
0.980057
2.94774e-10
0.000236055
0.978841
5.21065e-05
0.454491
0.980498
2.04565e-07
4.15364e-08
0.000717265
0.980474
0.00291392
0.00229076
1.49504e-06
1.9127e-05
1.0828e-06
0.0080457
0.0284677
0.0012496
0.044375
1.69882e-10
1.18004e-05
0.000136866
1.3735e-09
0.175284
0.000921196
9.00497e-05
0.113623
0.0106162
4.01929e-06
0.00138937
0.980252
0.973612
0.000169902
0.0113735
4.57137e-09
0.00437066
5.26133e-05
0.00188852
6.55418e-09
0.00139136
0.9755
2.10677e-09
2.65067e-09
7.75957e-12
0.000113632
5.26357e-12
0.0267963
0.19994
5.02709e-12
0.00481893
9.0599e-09
0.887221
0.00305228
2.91542e-06
0.00137652
3.05485e-09
1.10799e-09
3.3858e-05
0.979912
0.00540936
5.62873e-05
0.000867572
4.54496e-07
0.000574383
0.0643483
2.93028e-11
0.0275648
3.61278e-06
0.979074
0.000491164
4.33714e-05
5.17405e-05
0.0415663
1.79661e-07
3.43858e-11
6.91802e-06
0.00122251
0.976372
1.67366e-05
0.0116969
0.979798
0.000572474
0.00160701
0.978752
0.98025
0.000187632
0.00012221
8.58109e-05
2.48148e-11
0.0180162
6.33716e-09
3.36865e-05
2.21708e-09
0.00165133
1.08146e-07
1.70419e-12
7.21832e-06
4.37828e-12
2.62557e-06
0.0105999
2.91203e-08
0.0233735
0.000501573
2.32522e-10
6.36918e-05
0.98003
0.117466
0.567551
0.000330221
4.86772e-07
0.00158249
1.77224e-09
2.99042e-09
2.38906e-05
4.30882e-05
1.36942e-06
3.29736e-13
6.06437e-05
2.22119e-10
0.000216455
4.37479e-09
0.979458
2.71339e-13
0.00403894
0.979953
0.000671987
0.0353337
0.969015
0.000595717
0.979574
0.0063022
0.0162584
0.00019957
0.0131877
2.3391e-07
1.19571e-12
1.69642e-13
2.74856e-11
0.00136718
0.0199972
0.975175
1.31756e-08
0.00228378
4.16491e-08
2.02134e-08
4.84057e-14
6.13976e-12
0.980124
0.000905713
1.53318e-06
1.77081e-10
2.89167e-08
0.98015
1.68595e-07
7.64246e-05
4.79816e-06
0.0043483
3.83485e-05
0.000271157
1.35789e-07
1.31485e-05
8.18008e-11
0.0461612
6.99624e-05
0.0224639
0.00746532
8.34794e-11
0.00491464
6.10568e-07
0.309221
0.00391364
6.02643e-06
1.35243e-10
0.0315164
0.00146888
0.980476
0.0153633
1.90702e-05
0.980512
4.34614e-08
7.19425e-14
0.000332966
0.00340206
3.79333e-05
0.0291382
0.00140741
8.02024e-05
0.977389
1.1936e-10
0.000374119
3.56722e-07
0.000104001
1.70861e-09
1.25126e-07
4.30394e-06
0.0387444
4.53768e-11
5.11685e-07
2.79247e-05
0.000223477
0.000134808
0.000649534
0.979759
1.10946e-06
2.43394e-06
1.18309e-07
0.978991
0.248332
3.6739e-07
1.01177e-06
0.980348
4.64073e-14
6.60899e-05
2.04498e-06
0.00506079
1.80957e-08
9.01508e-08
0.000103397
0.000200994
0.978574
5.61674e-07
0.00767167
0.00012655
0.980529
7.97011e-11
0.000222609
3.22582e-11
0.0573813
4.84723e-09
0.137517
1.2677e-10
0.000196073
9.18518e-05
1.25679e-11
0.896083
2.89541e-07
0.239775
0.000458614
6.72618e-12
0.00174025
6.78348e-06
1.80151e-07
7.5715e-11
1.02586e-07
9.05491e-11
0.000166785
0.979726
0.010716
2.13014e-06
3.62743e-07
0.00441155
0.000291489
6.77355e-06
2.42089e-07
0.00165627
0.0438308
6.45539e-08
0.00219154
3.74202e-10
5.15143e-14
3.09349e-05
1.07018e-07
0.000842333
0.00199344
0.00562547
4.28184e-11
1.23683e-08
9.61902e-07
0.980476
1.96909e-12
3.17553e-05
1.27021e-11
0.979892
0.00261929
0.00010035
3.11794e-06
0.979787
9.22536e-07
0.00508033
3.79152e-08
0.00103894
4.08295e-06
0.000331492
0.980488
0.000951056
8.35103e-07
0.979301
1.89999e-10
0.00124335
0.0206731
1.18961e-06
0.979879
0.00110246
6.83897e-14
1.523e-12
0.00140281
0.972677
0.971984
0.972004
0.773589
0.00412019
3.98504e-05
0.00192327
0.980427
1.91575e-08
0.000367796
0.000201097
1.38894e-08
4.48486e-12
0.0111209
0.974725
1.083e-05
0.096216
0.00168256
0.978139
0.0109866
0.00407925
5.23388e-05
0.97822
0.00240169
0.0996951
1.07692e-13
8.00854e-10
3.26358e-06
7.53472e-08
0.00319896
8.07915e-10
0.000416062
0.00453206
3.14931e-09
2.22051e-08
0.98035
0.980434
5.33231e-06
6.912e-05
1.19343e-06
0.00031215
0.0302135
3.36065e-12
1.65246e-12
2.10647e-10
0.0751807
0.00651029
4.0512e-11
5.6482e-05
0.000359315
9.66338e-08
0.0264166
0.977851
0.97441
2.65919e-09
5.44499e-05
8.65762e-07
0.979977
1.65632e-10
1.09502e-05
0.0364285
0.0248401
0.971467
1.48678e-07
0.00584854
0.0767505
0.0025188
0.000444294
0.00136744
8.94853e-11
9.92009e-08
0.977107
0.180704
0.717178
1.40101e-06
0.000629237
5.12923e-14
0.253145
0.979799
1.21924e-10
1.98199e-09
0.0124914
2.20034e-09
0.00168677
0.97589
0.00183696
0.0878018
1.36267e-10
0.00113251
0.000193171
0.000916657
1.57283e-11
0.2831
0.000576242
3.72253e-08
2.62692e-09
0.00534206
5.20628e-12
2.13037e-05
0.000795105
9.35107e-06
1.55637e-09
0.975272
0.0238564
0.979333
4.91074e-12
0.0443485
3.85514e-12
0.000455151
1.22469e-10
1.67396e-05
1.72536e-05
2.93693e-07
0.700508
0.000871941
0.0147226
2.36545e-09
0.979815
5.01821e-14
6.93944e-08
0.00011626
0.980405
2.10294e-05
0.000784521
0.00135606
0.975128
9.5479e-06
0.00170929
0.000439993
0.00701697
3.75688e-08
0.173734
0.00020552
3.39284e-13
0.0109737
3.11068e-10
6.93306e-07
9.62319e-12
2.22628e-06
4.69924e-05
7.1456e-07
2.68384e-05
1.66755e-13
0.980138
1.5925e-12
0.000281723
2.71954e-05
5.12491e-08
0.339476
0.866798
9.19565e-07
0.000459691
1.11946e-09
1.05599e-08
0.000929492
8.86649e-06
1.1841e-07
8.57042e-07
2.31598e-06
0.00182193
1.16094e-08
8.81279e-07
0.0115026
6.91465e-09
0.0045579
0.13883
0.0318717
2.72442e-08
4.15609e-07
3.96154e-07
3.30804e-09
2.23631e-06
2.14731e-05
0.977021
3.1649e-09
2.42164e-05
4.77396e-14
0.00654052
2.79628e-06
2.13829e-13
0.979164
0.975175
0.000437103
0.0049289
0.00031133
6.97134e-06
0.980397
6.14618e-06
0.00985612
6.03055e-09
7.24298e-06
2.03747e-08
0.979366
2.99402e-05
0.0166785
3.17368e-12
1.55596e-06
0.000365061
3.71072e-09
3.31346e-11
6.55645e-07
0.00412496
3.23556e-09
0.000264611
0.00917112
2.50412e-07
0.0523895
0.0046275
1.27773e-08
2.19644e-08
0.0483421
0.0559789
4.05424e-10
7.59716e-06
6.23745e-12
0.0174381
0.977593
1.40171e-07
0.000290744
0.980252
0.00181457
0.000468695
1.72573e-07
5.70724e-07
0.98048
4.37845e-11
6.52452e-09
0.00431292
0.000604084
0.000713749
1.66501e-09
0.000260189
0.0473204
9.60516e-05
3.07823e-07
5.9472e-06
0.0043272
1.71805e-07
0.947584
0.913876
1.07249e-08
0.977997
0.974649
1.09533e-05
0.041786
4.42452e-09
0.122298
0.00170366
0.00695798
4.23661e-13
0.974899
0.97115
0.870012
0.000998774
3.15722e-05
1.40723e-08
1.69664e-09
1.33356e-08
4.93176e-07
3.71606e-10
0.000841719
5.52495e-05
0.00144634
3.47009e-07
1.94289e-13
0.00205297
1.37413e-09
0.000139526
5.17133e-09
4.73399e-06
3.29127e-09
0.907482
2.11417e-06
9.67115e-12
1.04148e-05
1.06918e-09
0.00781517
0.00223328
0.0394825
4.18222e-08
6.20931e-06
0.00679162
0.00256095
0.05167
0.00149815
4.04937e-05
0.976385
0.970523
3.98558e-08
0.000482181
0.000102877
5.12923e-14
0.103963
0.0138492
2.79475e-05
8.35954e-11
0.0424858
1.9984e-13
1.48848e-11
0.000824102
9.68344e-06
4.78645e-06
6.74005e-10
0.0242626
2.47827e-08
0.000194262
0.000122503
0.000386845
0.000831372
0.000558687
0.20907
0.00245982
3.97704e-12
3.08187e-06
0.00194982
4.90132e-08
0.000964515
1.27278e-05
0.0157517
0.000106317
7.65805e-11
0.00160338
