5.58411e-11
3.33067e-14
0.910784
4.88498e-15
0.290663
2.04984e-07
2.67163e-08
2.02438e-12
3.77476e-14
0.964789
1.73367e-09
6.25902e-05
0.964966
8.59769e-06
0.00865294
2.22045e-14
1.35447e-14
0.961948
1.39635e-07
0.00230295
3.88578e-14
5.7625e-12
1.57681e-07
5.10703e-15
0.793575
0.285296
5.91511e-07
1.46402e-09
0.958501
2.68674e-14
6.23593e-07
5.32907e-15
6.17233e-06
1.48062e-09
5.77316e-15
0.0351635
0.029021
6.88338e-15
8.52583e-08
1.38112e-13
3.58824e-13
9.33253e-13
0.0708191
2.64071e-08
3.19744e-14
2.42029e-14
8.80283e-11
4.49485e-12
3.41232e-09
0.964939
0.964406
0.961274
2.80309e-12
6.75337e-08
5.26246e-14
0.725037
1.62093e-13
7.77156e-14
1.48346e-05
7.39853e-13
9.80363e-10
0.00254722
4.15274e-11
8.22159e-06
6.35048e-14
2.17604e-14
3.56826e-13
4.21885e-15
6.11688e-08
0.00896954
0.690307
4.53699e-06
3.94155e-08
2.3388e-12
0.963719
4.8328e-12
1.91602e-12
1.4575e-12
3.67484e-09
0.889204
0.964977
2.57461e-11
2.76223e-13
1.82965e-13
2.0437e-12
5.9952e-15
4.68514e-14
1.57652e-14
2.84883e-13
4.64073e-14
2.4231e-05
0.053926
6.91669e-13
7.54952e-15
0.961053
2.4874e-06
1.05471e-13
3.64274e-08
9.54792e-15
0.04099
9.54792e-15
0.373496
0.902879
8.9817e-13
2.42029e-14
0.95311
0.000162729
0.9614
0.0429033
3.95602e-08
7.97952e-10
1.79856e-14
1.06581e-14
0.96498
9.59313e-11
4.8755e-11
8.00915e-13
1.89359e-09
3.14635e-11
2.57572e-14
1.57809e-11
0.0601642
9.06595e-10
4.77469e-09
9.49802e-11
3.90797e-06
1.79332e-07
0.916413
1.4059e-10
5.32907e-15
1.60405e-12
3.30846e-14
0.0278594
1.28467e-10
0.000668328
1.02224e-06
3.12455e-11
4.66294e-15
9.49935e-06
0.00554968
9.37937e-08
0.0290631
1.40087e-07
0.964978
6.21725e-15
5.77316e-14
1.19302e-05
7.5353e-07
8.65974e-15
1.82077e-14
3.04864e-08
1.99685e-12
0.265267
0.362038
0.0225785
2.34685e-10
0.964584
1.89225e-06
1.39617e-10
3.84359e-13
7.56301e-10
1.25322e-05
0.21276
9.13714e-13
0.000882982
8.11873e-10
6.50147e-13
1.33449e-13
4.50751e-14
1.55054e-12
0.079865
4.44089e-15
0.924987
6.44577e-08
4.21885e-15
6.78922e-09
1.39888e-14
7.32747e-15
2.78547e-07
1.66908e-10
1.98283e-05
3.28146e-06
2.91362e-09
0.964843
7.62502e-08
1.3807e-06
1.23634e-12
5.60896e-08
0.00147127
2.58913e-11
0.86557
9.1496e-09
2.33591e-13
1.12464e-08
0.00337908
5.10703e-15
5.30687e-14
0.959707
0.944199
2.83951e-12
3.6189e-06
0.0243882
5.55112e-15
6.7768e-13
5.3129e-07
1.28374e-05
9.99201e-15
3.3249e-11
2.77334e-13
1.56913e-08
6.58442e-06
1.75999e-09
2.65585e-06
1.64979e-13
4.99736e-09
1.60538e-13
4.5921e-11
0.796738
1.0294e-12
1.71094e-09
4.66294e-15
4.55653e-10
5.25036e-09
9.2868e-07
1.85575e-10
0.963817
9.9698e-14
4.66005e-12
4.70708e-11
0.000107763
2.73077e-06
3.98837e-12
2.1151e-09
0.00391455
9.20355e-11
9.398e-05
7.61613e-14
3.888e-13
0.964441
2.29106e-07
0.964953
9.62838e-07
2.9196e-11
1.97986e-11
6.43929e-15
1.37867e-12
2.57387e-05
4.21885e-14
1.50411e-11
0.964364
0.00181236
7.72715e-14
4.06932e-11
1.32583e-12
0.963392
1.78968e-13
3.28626e-14
1.67671e-05
6.61964e-06
0.49382
4.66294e-15
2.5091e-14
1.70197e-12
3.11435e-08
9.96367e-11
0.820435
5.19362e-12
1.06287e-05
4.36007e-10
5.30687e-14
1.05871e-12
0.000400824
0.00190341
4.44089e-15
2.96178e-05
2.30482e-07
1.19652e-08
2.26815e-10
4.15001e-13
9.98968e-09
1.21703e-12
0.0294835
5.32907e-15
0.280279
1.28655e-09
2.34257e-13
0.964966
1.78746e-13
0.964588
0.787024
7.74666e-05
6.78475e-10
2.36842e-11
0.6416
2.73241e-08
1.7081e-08
0.0842548
3.3402e-10
6.21725e-15
1.04361e-14
1.06581e-14
2.47146e-05
1.45506e-12
0.364605
0.000188244
2.9754e-14
1.21458e-13
5.9952e-15
0.41769
7.30211e-10
1.20219e-11
7.9492e-14
0.963823
0.964927
1.01119e-12
8.9375e-05
2.76419e-05
1.55164e-07
3.48183e-05
7.97819e-08
2.43245e-07
1.69759e-10
2.24265e-14
9.227e-09
1.49916e-11
6.04908e-07
3.19744e-14
0.964844
2.93632e-12
6.21725e-15
8.08686e-13
5.32907e-15
5.9468e-11
5.8975e-13
6.74746e-08
0.00016192
0.964632
3.6357e-10
2.82041e-12
7.48068e-13
0.962405
2.74896e-08
9.59909e-06
0.00340195
2.34336e-06
3.783e-10
8.48432e-13
3.18994e-11
5.32907e-15
2.86222e-08
0.0298822
1.17779e-11
8.66418e-13
4.21885e-15
2.17669e-09
0.964954
4.15223e-14
0.000125371
0.00172517
6.61022e-09
2.24494e-10
6.22265e-08
4.14897e-05
2.54685e-13
5.77316e-15
5.24025e-14
2.06187e-08
1.04534e-05
2.19057e-07
2.41407e-12
4.21885e-15
3.54757e-08
9.55621e-05
0.000158892
4.45644e-13
4.21885e-15
1.0747e-13
2.61722e-08
1.75415e-14
1.29503e-05
6.89292e-10
5.30909e-13
2.62241e-11
4.08562e-14
9.01389e-05
1.87066e-07
1.36215e-07
4.40648e-07
2.9976e-14
1.71823e-08
0.000659354
7.12763e-14
1.33117e-10
9.76996e-15
6.01192e-07
8.39329e-14
0.953965
1.23347e-05
1.00276e-07
4.21885e-15
2.24265e-14
1.5854e-13
1.29585e-12
1.77636e-14
3.12779e-07
1.4511e-09
1.93235e-05
2.09601e-11
1.90306e-05
1.44329e-14
3.77476e-14
5.55112e-15
1.65779e-12
1.56697e-12
0.00585381
5.08238e-12
1.02992e-05
0.963231
0.0335717
3.2991e-07
3.40838e-13
4.35652e-13
0.962987
1.04652e-11
2.25458e-08
0.00036842
0.000926471
7.11621e-09
2.85838e-12
4.11511e-11
0.963496
0.866221
0.862522
1.58762e-13
1.70965e-08
4.44089e-15
0.962059
3.34088e-12
2.36255e-13
8.90399e-14
0.952438
2.26285e-06
1.75221e-06
0.957544
1.56763e-13
4.51479e-09
5.10703e-15
6.16946e-10
0.958766
2.92211e-13
3.71627e-11
5.61533e-11
7.77156e-15
2.59706e-06
1.30949e-09
1.9017e-08
8.03113e-09
5.29576e-12
0.403268
5.32907e-15
0.934449
0.964674
8.59313e-14
0.92121
1.47001e-08
2.53131e-14
8.09168e-11
1.44151e-09
0.964433
0.759194
0.00118117
1.84428e-07
1.44995e-13
3.50114e-07
7.54952e-15
9.26863e-07
2.04097e-11
9.07016e-09
1.68754e-13
2.0854e-07
1.22125e-14
5.28289e-12
8.99281e-14
3.89178e-12
1.62325e-10
0.241232
7.4607e-14
1.13167e-09
3.64267e-09
1.04072e-12
6.88338e-15
8.90394e-11
4.22656e-08
6.41509e-12
0.00113901
0.00121563
1.12066e-12
5.90089e-06
1.06137e-13
2.87971e-07
6.44715e-11
2.17705e-08
1.1313e-11
1.43565e-09
7.27196e-13
0.821645
9.32587e-15
1.76414e-12
3.12484e-09
4.78562e-05
2.32761e-07
1.04483e-08
6.01196e-08
0.964958
4.82192e-12
2.06501e-14
7.11921e-08
1.50245e-08
1.54037e-11
6.88338e-15
1.72711e-07
7.90035e-13
4.21885e-15
1.08402e-05
3.59712e-14
1.02141e-14
0.964979
1.04361e-14
9.50629e-05
1.59872e-14
1.47758e-07
1.34727e-10
1.9994e-10
6.44818e-13
7.93555e-06
0.712607
0.962233
6.77236e-14
0.000163213
2.06034e-06
2.89248e-05
2.19372e-07
4.32787e-12
3.91502e-11
3.96255e-09
9.81522e-06
0.048949
2.13829e-13
5.56e-13
2.95163e-08
4.69637e-07
5.44942e-12
7.91636e-09
1.65423e-13
0.964804
0.964282
0.96498
7.54128e-10
0.00413399
2.0079e-11
1.3272e-07
6.43929e-15
3.57632e-11
1.3509e-11
3.9968e-15
2.42473e-12
1.95399e-14
3.73885e-11
1.17913e-07
6.41975e-12
6.21725e-15
3.62738e-06
4.58011e-12
3.78719e-12
6.75756e-09
0.000298211
3.06559e-08
0.96207
0.113363
1.95035e-08
0.000219389
0.000136273
2.02737e-06
0.00122722
4.44089e-15
0.963559
6.21725e-15
1.46549e-14
1.32316e-12
1.39589e-10
1.79e-10
5.95976e-09
1.6402e-07
3.9968e-15
1.0989e-12
2.08877e-12
0.0292529
3.24302e-06
2.06501e-14
1.81632e-13
2.53353e-13
1.37426e-09
4.17444e-14
1.06581e-14
3.9968e-15
0.951331
0.964971
0.704669
0.963714
0.00125844
1.04434e-09
5.89234e-06
0.964841
1.18572e-13
3.77324e-10
2.99904e-05
3.6188e-10
8.9618e-07
1.2925e-08
2.37588e-14
8.35453e-09
1.55879e-09
0.0125448
0.964933
9.51134e-05
9.51874e-07
3.26406e-14
4.12038e-07
3.31957e-13
0.0559507
3.35287e-14
1.97579e-09
4.75231e-10
1.2339e-12
5.19365e-07
3.14426e-11
5.32907e-15
8.79297e-14
3.15303e-13
0.00557321
1.65465e-06
5.87397e-10
1.00699e-05
5.69544e-13
3.73217e-05
5.21556e-11
6.5094e-06
6.11181e-07
0.948499
4.40275e-09
0.000510557
4.16531e-11
0.96453
0.000332426
3.9968e-15
1.37821e-08
0.964754
3.39728e-14
0.000125509
2.97885e-10
7.51358e-08
5.32907e-15
3.65171e-09
0.000490136
1.28786e-14
1.68331e-07
7.32747e-15
6.69005e-11
5.01599e-13
1.08076e-11
5.7339e-11
0.00169529
0.812448
4.88498e-15
8.61327e-05
1.40125e-06
1.41631e-09
5.77316e-15
0.00108156
3.81917e-14
8.36398e-12
3.34749e-05
0.960068
0.0204122
4.77396e-14
0.00728454
0.000114065
2.26863e-11
2.13051e-10
7.33567e-07
7.98524e-05
7.19271e-07
0.964885
0.000312339
1.22e-06
0.02485
1.58311e-10
4.10274e-09
1.9762e-14
0.947041
1.23456e-09
0.96236
2.52665e-12
0.905457
7.73274e-08
6.21725e-15
0.000474709
1.42286e-12
1.95399e-14
7.11072e-08
0.011135
9.80763e-05
2.81839e-10
1.6853e-09
6.43929e-15
1.19904e-14
5.96634e-13
2.84217e-14
0.964718
2.8531e-11
2.06501e-14
1.12958e-06
5.86198e-14
0.964508
5.44453e-13
8.60529e-10
1.9984e-14
0.000324106
0.00768244
0.961149
9.80807e-11
0.599222
5.61747e-08
7.92699e-14
8.86866e-11
0.935162
5.90456e-09
8.72185e-06
2.56151e-05
0.0231785
2.47358e-13
7.88875e-10
0.690301
2.04281e-14
0.963766
0.0203442
5.04659e-11
0.964857
4.88498e-15
0.961754
0.000517
4.40896e-07
7.99361e-15
0.00161452
0.185666
3.32264e-10
4.44089e-15
0.0767787
0.916086
1.28949e-06
0.00139404
3.57391e-07
9.07342e-09
1.4567e-11
0.059027
2.86438e-14
0.000262305
0.480307
4.49839e-08
0.000187767
0.00317879
1.35749e-09
7.26086e-13
9.19038e-11
4.87863e-07
4.03575e-07
4.44089e-15
2.50215e-08
3.48211e-08
8.3286e-08
0.22353
5.09481e-08
1.88738e-14
6.50511e-07
0.9648
1.31791e-08
1.90958e-14
1.84031e-12
8.96501e-08
2.50244e-13
5.77316e-15
3.84262e-11
1.06581e-14
2.61557e-06
0.00663549
7.99361e-15
6.22302e-12
4.1489e-12
6.88338e-15
2.18776e-06
3.07332e-12
1.05438e-05
0.350538
5.91593e-12
0.0010642
2.19824e-14
4.4631e-14
2.81997e-14
0.964029
7.22178e-12
2.16716e-13
0.963994
1.06537e-12
1.84297e-13
1.3205e-09
0.0816275
1.15463e-14
3.9968e-15
4.06342e-14
0.964592
1.67972e-08
1.79856e-14
9.59899e-13
3.21475e-10
5.77316e-15
1.76666e-06
9.19997e-12
3.54741e-05
1.36107e-11
1.35212e-06
1.92058e-07
0.404
7.31922e-10
1.22678e-08
3.01183e-09
4.55191e-14
8.20516e-10
1.67621e-12
0.000175934
4.88498e-15
0.0049029
7.87592e-13
1.73705e-12
1.11912e-08
0.964951
2.45688e-06
9.58659e-07
2.47637e-11
1.63933e-06
9.74649e-09
1.00663e-07
2.26991e-05
3.01357e-11
0.00058012
3.70616e-07
5.55112e-15
2.46457e-07
1.10321e-11
1.06836e-08
0.000376994
3.05844e-12
0.77719
6.73313e-11
7.57572e-05
3.07792e-08
1.53768e-08
9.13582e-09
0.964401
9.16403e-10
0.86592
0.13343
0.000399536
7.21672e-07
1.25268e-09
2.26152e-12
2.71317e-08
6.8684e-08
3.25777e-11
5.52891e-14
0.000854716
0.580783
0.000343679
1.90026e-12
5.34395e-12
4.66294e-15
0.964415
1.88192e-10
3.22114e-10
2.53131e-14
1.24312e-08
0.000155619
1.78715e-11
4.44089e-15
2.3196e-06
1.47748e-12
9.92451e-12
2.19692e-05
1.70974e-14
1.93388e-10
1.77222e-09
0.964912
7.73575e-11
2.33569e-08
7.52731e-14
3.9968e-15
5.10056e-11
0.96123
0.607994
0.964779
0.000286019
7.34537e-09
1.57585e-12
0.255283
0.964975
2.81997e-14
0.0066098
1.12481e-05
0.938342
1.15864e-10
3.90799e-14
0.0022966
6.79211e-07
0.00623719
9.59233e-14
1.55431e-14
5.39568e-13
5.62189e-06
1.44836e-08
1.34419e-08
3.06422e-14
1.58667e-09
2.83107e-13
0.513751
3.19744e-14
2.42473e-13
4.33815e-06
8.81551e-09
1.71297e-05
0.964526
5.82545e-08
0.00725562
5.55971e-11
5.55112e-15
9.56558e-06
4.68958e-13
0.900479
8.88178e-15
4.64651e-12
4.67372e-08
0.941743
1.6076e-12
3.67618e-10
1.21592e-12
2.97353e-11
1.42086e-12
1.63425e-13
4.66541e-05
5.15143e-14
2.39444e-06
9.78051e-09
3.38031e-07
1.232e-07
2.36229e-11
0.827397
9.9698e-14
5.06748e-11
4.13003e-14
0.00142944
0.958322
0.000354727
8.50431e-14
7.74936e-14
1.78613e-12
0.964946
6.90559e-14
4.39141e-05
1.36626e-05
5.55112e-15
1.12355e-13
6.23964e-05
7.37055e-12
2.76026e-07
0.000427168
0.753885
1.01252e-13
0.000536882
0.387249
8.05049e-05
3.59712e-14
4.44089e-15
1.60969e-11
1.0302e-11
0.00552169
4.54892e-05
0.000749378
7.32747e-15
1.58984e-13
4.70755e-09
3.8769e-13
1.01088e-10
0.964325
0.964304
1.50793e-11
0.00151803
1.08321e-06
3.80851e-12
4.63374e-10
5.10703e-14
0.964904
0.931343
3.36504e-11
1.97944e-11
0.964861
7.33247e-10
0.00975898
4.88498e-15
1.74216e-12
0.961615
3.43857e-08
0.0204376
4.55397e-10
3.49059e-11
0.00906043
2.47761e-07
1.73195e-14
2.22933e-13
0.00211851
1.48536e-07
2.12927e-09
0.947427
2.77556e-13
0.790261
7.29659e-11
0.00031103
0.106693
5.55112e-15
0.964973
5.08482e-14
5.44009e-14
0.954195
1.92735e-13
0.00200885
1.58318e-13
6.3336e-12
0.0100314
2.70197e-07
2.33606e-11
1.45255e-08
1.17462e-13
9.28592e-09
4.88498e-15
6.94187e-06
0.957203
1.90124e-05
2.67612e-08
0.891005
0.964829
4.11367e-05
3.53495e-13
4.44089e-15
3.96816e-12
2.98459e-05
3.06422e-13
4.90361e-11
0.963315
5.23735e-08
2.03961e-07
0.00173026
8.48437e-06
2.84217e-14
0.000631039
0.00192632
1.0927e-08
2.03215e-12
0.000147509
6.43929e-15
1.82077e-14
3.66374e-14
0.00100293
4.44089e-15
4.63378e-09
2.20679e-10
0.96466
0.0762037
0.959036
1.04947e-07
6.27676e-12
1.03702e-07
3.50355e-08
0.960665
1.12133e-13
1.12865e-12
3.20328e-06
4.13251e-05
4.79364e-10
0.964977
3.70482e-07
4.42288e-08
4.88498e-14
2.18001e-11
3.41924e-07
4.21885e-15
1.21287e-07
0.00115529
3.9968e-15
1.59428e-13
0.948793
3.41041e-11
0.962677
0.130985
1.55001e-07
8.31361e-07
0.170758
0.964869
4.59632e-14
0.900111
8.77807e-07
4.88498e-15
1.22125e-14
5.68212e-13
1.04072e-12
3.39728e-14
2.88054e-11
1.21874e-09
3.41949e-14
0.960528
1.6665e-09
2.93174e-05
1.17947e-08
0.000121439
0.964766
1.34004e-12
1.75576e-09
3.17524e-14
0.964731
0.950263
1.00558e-10
2.30926e-14
4.66294e-15
1.26007e-05
2.51132e-13
0.155292
3.34049e-05
1.63978e-11
9.92539e-13
2.51779e-10
2.72271e-12
1.5079e-10
2.574e-09
1.26004e-07
2.08937e-07
4.74811e-11
3.35468e-06
2.46006e-08
4.96121e-08
0.964961
2.95786e-07
9.02167e-13
0.665833
0.960294
0.917143
0.959761
1.56986e-13
0.96029
5.37348e-13
0.00070089
4.39382e-12
8.21943e-10
1.84297e-14
3.77476e-14
3.17177e-05
5.56e-13
4.21885e-15
1.40699e-06
0.960096
0.962957
1.42754e-07
2.28035e-06
7.71849e-12
0.00379504
3.9968e-15
9.22031e-11
1.17063e-10
0.00797072
2.76605e-11
0.0104789
1.87006e-12
0.913848
6.76574e-05
5.83977e-13
0.964861
7.7421e-11
0.96081
4.53959e-05
0.963093
1.23386e-10
5.87786e-06
1.01737e-07
7.52731e-14
5.15366e-13
0.964606
6.66134e-15
0.854881
2.99094e-13
6.66134e-15
2.70935e-10
3.1693e-09
2.39808e-14
6.39488e-14
2.44249e-14
0.0135326
5.43343e-13
5.07815e-06
2.3892e-13
1.65641e-09
3.46887e-07
0.000525289
1.51656e-13
1.7053e-13
6.4857e-09
3.93237e-10
0.963622
0.951493
3.03185e-10
1.50869e-10
2.00352e-07
9.32587e-15
5.69469e-05
9.98779e-08
0.950082
5.49649e-09
4.92968e-11
2.04281e-14
4.44089e-15
0.962898
1.86606e-12
0.0478062
1.18858e-05
0.0161877
9.54792e-15
4.21885e-15
7.96363e-12
8.82331e-06
5.0252e-11
2.68674e-14
0.964943
6.99441e-14
1.04361e-14
0.961705
0.964676
5.30012e-10
3.5083e-14
0.0158166
2.08558e-11
4.26326e-14
2.30926e-14
0.0187458
7.77156e-15
4.96714e-13
2.19582e-08
9.10383e-15
1.74523e-11
5.62985e-11
5.57976e-12
1.83535e-11
3.45874e-11
0.000111999
1.95794e-11
2.36699e-07
0.00462917
4.52982e-05
0.768325
0.964957
0.000213059
1.46769e-08
1.45629e-06
9.90578e-08
4.21885e-15
1.33227e-14
1.108e-13
3.01315e-13
9.08162e-13
4.67404e-13
4.05898e-13
0.964258
0.883391
0.00191364
1.39311e-12
2.65499e-05
4.50617e-12
4.71532e-06
4.21885e-15
0.00412734
6.88338e-15
8.70415e-14
1.00924e-11
1.07914e-13
1.81586e-09
8.21565e-15
3.83249e-13
0.964647
0.000379722
0.000275404
2.19824e-14
6.66134e-15
0.963128
0.07978
6.72795e-14
0.00171562
1.80704e-06
6.76099e-05
4.44089e-15
6.38236e-11
6.66134e-15
2.18179e-11
3.00182e-12
0.00167914
3.42038e-12
0.181685
0.873742
0.964945
0.000636587
2.66676e-05
1.58384e-12
4.88016e-09
2.72832e-07
2.64233e-14
2.37588e-14
1.05868e-08
3.08642e-14
0.000224069
5.08016e-12
1.88982e-12
0.660232
0.964263
1.20187e-05
0.001129
9.82325e-13
7.0145e-08
1.33863e-08
6.37268e-13
4.19572e-10
0.964887
0.000493819
1.07248e-13
0.963253
1.18754e-07
0.0471879
0.964972
1.41105e-06
2.77279e-07
4.44089e-15
5.40498e-08
1.08804e-11
7.17384e-11
4.88498e-15
3.4861e-14
0.951266
0.955596
9.37527e-08
0.129131
1.00344e-11
3.32951e-08
0.0440694
8.43769e-15
4.44089e-15
7.93516e-08
2.41201e-10
2.50244e-13
0.000182407
2.10099e-12
1.17618e-08
7.63053e-06
5.77316e-15
1.95399e-14
4.60298e-13
5.20272e-07
1.01474e-13
1.15463e-14
6.55254e-13
4.22395e-12
3.85868e-05
0.964446
5.27578e-13
1.40975e-08
4.66294e-15
7.75602e-13
0.0591061
1.19904e-14
8.9484e-14
4.26326e-14
4.02412e-10
0.000676926
5.11369e-13
4.80366e-07
1.30935e-09
7.58765e-07
0.964939
6.99702e-07
0.00469381
0.964869
0.964958
1.5099e-14
1.28779e-09
2.56791e-09
0.87005
4.78715e-05
1.39032e-05
7.55476e-06
2.33944e-06
1.23348e-05
0.964932
2.48769e-07
9.71798e-10
6.67466e-13
0.964604
8.46212e-13
0.625896
1.04823e-10
7.87645e-08
1.35481e-06
0.964315
0.000167844
8.83738e-14
2.10942e-14
1.9984e-14
1.04117e-10
1.77636e-14
5.32907e-15
7.06901e-09
0.0023718
0.961645
2.99538e-12
0.96497
0.00882404
3.41286e-08
4.21885e-15
8.43576e-08
0.825907
1.36999e-11
2.63468e-10
1.24025e-06
0.956047
2.38027e-11
1.39909e-10
9.98836e-09
2.36877e-11
3.78719e-12
0.903516
1.39888e-13
0.964904
5.08069e-11
7.13052e-12
0.964965
6.81677e-14
0.0335741
8.99791e-08
1.05693e-13
0.00333164
2.34327e-05
0.000134132
8.19345e-14
5.97356e-07
1.72458e-07
1.66338e-09
6.62616e-08
0.463759
9.59233e-14
0.00426956
8.30593e-08
4.67138e-05
0.963873
9.30367e-14
1.69708e-07
2.53353e-13
2.13163e-14
6.18305e-12
5.55112e-15
0.000705098
5.4462e-10
0.952439
0.000284209
2.08722e-14
7.96835e-05
2.20393e-11
6.76594e-05
0.108736
0.00170125
0.0014218
9.50351e-14
1.19904e-14
1.09541e-09
1.26771e-10
1.0093e-06
0.000249782
1.72509e-11
5.83031e-10
5.41347e-11
1.73643e-08
1.19749e-12
1.07614e-05
5.77316e-15
1.74749e-13
6.52811e-14
4.996e-14
1.97955e-06
0.964522
2.33813e-12
3.77776e-11
0.013497
8.76582e-06
1.93179e-14
1.6556e-06
0.964483
4.17444e-14
3.18589e-08
0.963272
0.964947
0.0102005
9.14824e-14
1.14375e-12
4.21885e-15
1.11244e-13
2.57572e-14
1.05412e-10
0.937619
0.964975
0.0019697
1.32662e-09
1.88738e-14
4.18151e-09
0.000183219
1.13687e-13
1.49139e-08
1.42109e-14
1.66278e-11
1.83495e-11
7.35929e-09
8.01159e-09
0.96497
5.55112e-15
5.55112e-15
1.39271e-05
0.964829
5.72542e-06
0.0268823
1.60204e-10
1.3315e-06
1.37668e-13
2.55336e-11
0.00180493
0.964168
2.89324e-13
2.87548e-13
0.0075129
2.07834e-13
4.26326e-14
0.000213165
0.0596735
1.21014e-13
0.00308694
6.62737e-12
4.44089e-15
9.37168e-10
0.960913
3.11659e-06
0.964326
0.944257
3.39728e-14
8.60867e-13
3.63265e-13
2.70644e-05
1.95691e-09
4.00063e-05
1.10941e-09
8.6965e-07
1.42806e-05
4.44089e-15
6.64642e-06
0.963765
1.11022e-14
0.963245
8.21565e-15
0.0817684
2.6934e-13
8.21036e-10
1.19904e-14
1.98508e-13
0.841881
0.0267049
0.964896
0.963617
1.10443e-08
0.00429165
5.92728e-11
1.84861e-09
4.82503e-13
3.92667e-07
5.02764e-11
0.90853
3.21965e-14
9.76996e-15
4.06342e-14
0.888419
1.74305e-13
4.26796e-07
0.891291
1.93245e-10
8.44633e-05
0.00341744
4.26104e-13
2.83507e-12
4.58106e-07
0.0242738
6.51257e-13
2.20024e-12
1.69308e-09
4.69651e-11
1.57652e-14
5.15664e-08
1.54099e-13
2.38254e-12
0.172973
7.24272e-11
5.10703e-15
1.73572e-07
3.31513e-13
0.964835
3.61933e-14
4.95159e-14
7.34099e-10
6.77367e-11
8.45293e-07
8.71925e-12
1.55431e-14
6.38858e-07
5.65852e-11
3.9968e-15
0.155496
6.21725e-15
0.000118803
7.66054e-14
5.21805e-14
9.4591e-14
2.41873e-12
2.10942e-14
4.70537e-05
9.10383e-15
1.15107e-07
6.25974e-06
1.87406e-13
3.98652e-11
4.88562e-09
7.13982e-11
0.95331
1.12923e-08
7.12186e-12
9.35727e-06
0.930568
2.26263e-13
0.000995512
3.87455e-11
0.894804
6.50591e-14
0.327292
0.420182
0.746363
8.6775e-13
1.9546e-08
0.000523568
5.9952e-15
1.22453e-09
2.13163e-14
1.98695e-07
0.000894962
0.0174578
1.51879e-12
6.43929e-15
3.45105e-10
7.10543e-15
7.0588e-13
0.964977
7.0919e-11
0.000703815
7.93143e-13
5.22671e-12
1.02807e-13
0.611147
5.9952e-15
9.3914e-05
3.3932e-08
6.35706e-09
5.85846e-10
6.53609e-05
0.964907
1.09801e-12
3.31134e-05
1.69567e-11
2.88658e-13
1.07068e-11
0.964611
0.000141554
5.55112e-15
0.328834
2.13829e-13
0.001341
0.964447
5.9952e-15
9.71177e-08
7.40741e-13
0.00225637
5.53124e-11
5.55112e-15
4.66294e-15
3.1997e-07
0.357866
1.43172e-11
0.00170653
0.958589
6.10283e-07
7.01381e-11
0.964926
2.29274e-06
0.0116767
5.28466e-14
3.95439e-12
2.65923e-09
3.15303e-14
0.964933
0.590573
4.97906e-08
7.50511e-14
2.32657e-05
1.108e-13
8.0838e-10
1.64313e-14
4.17444e-14
1.90514e-13
1.3571e-05
6.32297e-07
0.00869154
1.46549e-14
1.19555e-06
0.963374
0.145988
2.67769e-06
0.964931
0.964899
9.05942e-14
2.5091e-14
1.35014e-09
4.57745e-12
9.4426e-11
1.45481e-11
0.964975
9.78605e-05
5.98007e-09
2.34634e-10
0.772281
0.486587
0.00445028
2.15163e-09
0.000382325
0.00057696
0.137167
7.29455e-10
9.99201e-15
2.8622e-09
4.09746e-09
1.54914e-09
2.41362e-13
1.37668e-13
0.964862
1.51699e-08
0.17506
9.72555e-14
0.964797
5.78778e-07
1.42663e-08
0.964296
1.33158e-09
3.18006e-05
8.17124e-14
9.01496e-06
0.000131318
0.478945
1.88373e-08
1.61426e-12
0.00213444
6.39686e-08
0.000682534
4.21885e-15
0.963123
8.73279e-12
3.58313e-12
2.30926e-14
2.9976e-14
1.9984e-14
2.88078e-10
1.36406e-06
1.2565e-07
1.43167e-09
1.23568e-12
0.000675725
0.0134247
1.84297e-14
3.26291e-06
0.964857
8.65974e-14
0.00014821
1.11688e-13
3.4399e-08
8.40975e-09
4.66294e-15
1.73258e-08
2.31736e-06
0.0217389
6.19504e-14
1.06581e-14
1.11022e-14
0.910394
4.44089e-15
5.10703e-15
3.9968e-15
0.00595337
8.90888e-07
0.298961
4.55191e-14
0.000283063
1.77438e-05
9.47142e-08
5.41167e-12
1.72981e-10
1.22966e-10
6.12994e-10
1.93689e-08
4.79981e-05
1.87178e-08
0.131896
9.76248e-11
1.65785e-05
7.35101e-11
0.0136962
0.0128792
1.67817e-09
0.725488
9.08607e-13
1.2659e-11
1.25389e-12
0.00198416
2.13163e-14
1.28288e-07
5.88418e-14
6.23404e-11
0.964557
1.35447e-14
4.01985e-07
0.964966
1.60671e-12
1.02141e-14
1.57629e-12
0.916052
0.000350891
0.00222189
1.72084e-09
0.00310224
1.73602e-10
3.54661e-11
1.04833e-10
0.0210252
0.00148416
0.163959
1.12949e-10
3.33067e-14
0.960536
0.024404
0.864849
1.16589e-05
4.54071e-05
9.23238e-08
0.00286046
7.90092e-11
3.76388e-10
0.00100681
0.964533
2.42028e-08
0.948911
1.75676e-08
4.66294e-15
5.69482e-07
0.0103145
1.94146e-09
4.04774e-05
3.82244e-07
7.10543e-15
3.86358e-14
0.000479921
0.960609
5.5228e-11
0.000887215
0.964973
0.928499
9.28146e-14
1.16559e-10
4.66294e-15
5.10703e-15
0.000735653
1.13243e-14
7.19425e-14
4.66294e-15
0.00125872
0.964319
1.48349e-06
2.88437e-07
0.000130388
0.964726
0.0181987
0.954981
3.72861e-06
6.17284e-14
0.0140366
0.0628902
5.7117e-05
9.76996e-15
2.73748e-11
6.46816e-13
2.89778e-05
0.962892
0.928261
0.220781
9.99201e-15
1.5854e-13
7.52392e-09
7.10543e-15
8.43769e-15
4.40973e-10
1.338e-05
4.66294e-15
2.96015e-10
2.88418e-11
1.13243e-14
0.883465
7.79377e-14
3.57839e-09
8.43769e-15
1.66358e-11
6.97969e-07
3.749e-12
7.21106e-10
7.28191e-09
0.950166
0.0163979
2.98755e-10
9.63229e-12
1.44294e-08
8.43769e-15
3.24185e-14
0.000558595
4.59352e-08
4.21885e-15
6.79234e-08
0.964541
7.21645e-14
5.36529e-07
0.0658358
0.00503863
0.924842
0.000225656
1.50524e-12
0.00243531
1.02014e-05
2.09675e-06
0.480644
0.934578
0.960749
0.00101743
4.44089e-15
1.83409e-13
7.10543e-12
3.08795e-05
0.964965
4.26618e-10
4.57245e-06
0.000916511
3.62577e-12
8.90857e-06
3.61933e-14
1.80306e-08
4.88498e-15
3.42171e-13
7.90679e-12
1.10112e-12
7.64452e-06
0.0602298
5.9952e-15
0.000200922
9.99201e-15
4.20755e-08
5.16176e-11
0.96493
0.000902834
6.66134e-15
0.000645494
1.53851e-05
3.14251e-11
0.108531
7.14984e-14
5.49287e-11
0.964824
3.32179e-13
0.00203617
0.953112
6.93889e-13
1.90958e-14
8.25811e-08
0.964915
0.000887292
2.78819e-09
2.51942e-10
5.40901e-13
0.9524
3.55715e-13
2.17604e-14
1.79634e-13
0.962711
1.2862e-05
9.03722e-13
4.05524e-05
6.80811e-09
0.140141
3.35498e-05
2.89176e-05
4.57856e-13
0.661873
5.55112e-15
0.928424
2.9976e-13
0.154659
0.908939
1.44374e-08
5.10703e-15
8.90636e-11
0.962919
6.26166e-13
2.11739e-05
2.08031e-05
1.44684e-11
0.553735
0.782704
0.079652
3.33238e-10
3.71152e-11
4.66294e-15
8.21565e-15
2.19602e-13
1.25988e-09
1.57829e-12
1.83931e-11
5.13461e-07
0.00690576
8.21565e-15
9.62785e-13
1.84297e-14
0.960467
1.33487e-09
4.8983e-13
0.912789
2.94204e-09
4.44089e-15
7.77156e-15
0.0015649
1.65867e-13
2.85127e-12
2.72564e-05
7.23677e-11
7.32747e-15
4.54163e-08
0.00209106
1.41598e-12
0.000731142
0.00229876
7.97332e-10
8.10019e-13
3.55661e-07
2.16562e-11
6.15301e-07
6.43929e-15
7.92255e-13
2.64701e-08
1.57931e-05
0.964564
2.27941e-09
5.9952e-15
0.963319
4.21885e-15
1.63354e-06
1.43736e-11
0.960673
0.00783979
0.00147469
5.71541e-09
3.43777e-10
0.266647
1.05063e-10
0.962937
4.07007e-10
0.96252
6.9027e-12
4.54303e-13
2.4647e-14
3.90927e-06
0.9487
0.0399207
1.00548e-11
6.31051e-13
4.66294e-15
0.0277603
3.16636e-13
8.68765e-05
1.7293e-09
8.51796e-11
0.000655528
1.53074e-07
5.06075e-08
1.56616e-10
1.68754e-14
9.51905e-13
0.964297
1.01606e-09
7.62068e-06
5.6019e-06
0.950593
0.00018353
0.928622
5.57097e-11
1.70127e-09
0.960915
2.4944e-05
5.60301e-10
9.3675e-10
7.70495e-14
1.48948e-12
2.63434e-12
2.26286e-12
1.41887e-13
5.12923e-14
5.55112e-15
5.22915e-13
0.921306
7.2228e-05
3.27909e-10
2.59221e-08
7.12763e-13
8.00027e-13
4.88498e-15
0.836997
1.43689e-07
4.88024e-06
2.43275e-06
0.964865
3.88547e-07
4.41314e-12
1.07714e-12
8.47805e-08
2.35412e-12
6.52622e-08
2.94142e-12
2.31593e-13
1.18794e-13
3.61933e-14
0.000941169
0.00593596
1.23137e-05
0.306418
8.43769e-15
0.0534449
0.0309668
1.66533e-13
0.21534
3.44488e-06
6.07558e-12
5.22471e-12
1.42997e-13
4.70735e-14
4.66294e-15
0.147652
8.13505e-12
0.96469
4.22385e-09
0.00301569
1.41591e-09
8.1668e-13
2.3287e-07
1.21135e-09
2.84043e-10
2.81555e-07
1.33005e-13
1.06737e-11
0.964864
3.13211e-06
0.963904
2.75906e-08
2.59459e-10
4.34741e-12
2.39808e-14
1.43415e-07
5.73976e-05
0.961465
8.65407e-10
1.10827e-05
0.000389851
2.10942e-14
1.53211e-14
0.907256
1.32212e-10
4.46983e-06
0.00454753
5.68434e-14
1.40892e-06
0.964365
1.67955e-12
1.07607e-07
0.937606
5.53144e-08
9.20664e-08
6.15064e-14
0.00606733
1.44431e-11
0.00271678
1.46327e-13
0.964956
0.838921
9.30332e-10
0.00120897
2.10068e-08
0.961665
0.000307161
2.58563e-08
3.66374e-14
0.960224
2.5054e-07
0.450079
0.35053
4.32876e-12
8.43847e-10
0.000244106
2.35187e-11
5.9952e-15
4.66294e-15
4.72841e-05
6.03961e-14
2.83107e-13
0.921833
5.6275e-12
1.08002e-12
7.9603e-13
0.291653
4.4631e-14
4.91255e-06
3.23828e-09
4.25779e-10
1.72335e-11
1.0987e-10
0.00613853
1.26787e-13
3.60387e-06
0.0746092
0.964882
2.42781e-07
1.19904e-14
1.15463e-14
0.37736
0.0991682
4.98046e-13
0.251478
0.943038
1.37407e-06
0.178961
7.39255e-11
8.7641e-13
1.07359e-12
0.000929246
2.04232e-11
0.332775
0.00174767
0.0210011
5.19522e-06
0.964059
0.000131517
3.9746e-14
9.69891e-11
5.10703e-15
4.56646e-08
1.22125e-14
0.31732
0.883702
6.21725e-15
0.115385
2.2049e-13
4.70932e-11
0.00586669
5.79536e-14
2.66288e-06
5.29739e-09
3.86358e-14
4.16867e-08
8.47906e-09
1.28786e-14
0.853673
5.84027e-08
2.1794e-06
5.41075e-07
0.16244
0.128194
0.838637
0.949053
6.9972e-08
0.000229957
1.79787e-11
5.50249e-07
0.000809563
3.4861e-14
2.05613e-13
4.56543e-08
0.000885629
0.835692
2.55151e-12
0.0108322
4.64517e-12
0.00542329
7.32554e-05
2.60982e-09
0.939524
1.49948e-10
5.61898e-07
0.964933
4.66294e-15
0.453166
4.81837e-14
5.2712e-05
1.70124e-11
0.0648206
4.5829e-07
4.996e-14
2.26819e-07
4.28724e-12
2.9563e-12
0.311429
0.89283
0.00294094
0.00494769
7.99361e-15
7.94213e-08
2.28706e-14
0.964604
0.964164
0.608349
6.88338e-15
5.07171e-07
3.27159e-09
5.93932e-10
5.88902e-07
0.955977
0.000781697
0.964545
0.365973
2.79776e-14
3.6684e-12
4.66294e-15
1.26579e-11
5.55112e-15
2.2348e-06
6.35935e-09
9.65177e-08
0.365684
5.69359e-08
9.19265e-14
1.04361e-14
1.43103e-11
4.97711e-10
0.964671
0.835871
6.34892e-12
0.840367
0.962627
7.99361e-15
1.76669e-06
0.294969
0.890018
8.32973e-07
0.952151
6.37268e-14
4.9146e-09
5.83331e-10
7.9976e-12
0.515001
0.96472
3.09552e-12
5.59059e-11
8.43769e-15
1.61204e-13
1.00586e-13
0.000353444
4.80848e-05
0.953589
5.32907e-15
2.67724e-11
1.60285e-11
2.68657e-08
0.964307
0.013576
7.57172e-14
0.119394
1.30762e-12
3.98526e-12
8.9244e-10
0.935254
0.671675
4.13566e-07
6.17438e-09
3.86358e-14
9.48582e-06
8.13817e-08
0.908472
0.00246769
1.56698e-08
9.37324e-11
1.54494e-09
3.17568e-12
9.65894e-14
7.24532e-13
8.05733e-12
1.00608e-12
0.00147957
1.66098e-08
7.16094e-12
7.34079e-12
5.26866e-08
3.43559e-10
0.000449844
0.914303
0.022944
9.43972e-09
2.4969e-07
7.50429e-11
3.29569e-07
9.28327e-05
0.00571843
6.77725e-12
1.75828e-11
3.92641e-12
9.7957e-11
5.77316e-15
5.67932e-11
5.1746e-09
0.963757
2.23777e-12
1.26064e-10
5.62108e-08
1.5099e-14
1.85185e-13
1.24636e-11
0.818159
2.10464e-10
6.5756e-10
6.21725e-15
0.0097579
1.55209e-13
5.30576e-12
3.89666e-05
4.48995e-08
1.17684e-14
3.61933e-14
0.881175
3.31735e-13
0.168324
1.11022e-14
0.0960109
1.55653e-13
1.22791e-13
1.00311e-05
0.000105105
0.964545
0.964966
0.000341568
1.46327e-12
0.000147164
4.2809e-05
7.10543e-15
1.85373e-05
1.26565e-14
7.59643e-11
0.951399
0.964658
0.0552003
0.932124
7.19782e-08
1.28786e-14
1.98668e-05
1.23317e-05
1.31825e-10
1.01451e-07
0.954815
0.694487
1.76361e-11
4.15131e-08
5.06262e-14
0.949973
4.59028e-09
4.46976e-13
0.00123307
1.82077e-14
1.83995e-06
5.55112e-15
1.18572e-13
0.00999823
1.95399e-14
7.32747e-15
2.35639e-08
1.35664e-10
2.98094e-10
0.000539673
1.77648e-09
6.45238e-08
1.11022e-14
0.138275
9.14516e-08
4.61948e-06
0.0548265
0.865135
0.226299
6.88338e-15
1.68676e-11
6.86876e-08
2.10201e-09
5.63993e-14
0.239268
0.000289759
1.74911e-11
4.029e-09
0.109549
4.21885e-15
0.964905
7.59413e-05
3.04068e-07
1.56214e-10
4.5295e-08
0.000989601
0.000660175
4.44089e-15
0.000196368
4.0651e-11
1.28786e-14
2.42897e-11
0.263113
8.25119e-07
7.39992e-10
3.17057e-09
2.89732e-09
7.78171e-09
0.0196522
0.030676
4.82602e-05
0.00703724
0.000138282
3.70769e-05
4.58522e-13
6.22543e-05
0.939762
0.964979
8.21565e-15
1.19948e-12
0.964852
9.54792e-15
8.73346e-12
0.00020089
0.0287349
4.66294e-15
6.61071e-12
1.00586e-13
3.01058e-07
2.95319e-14
1.37668e-14
0.111576
1.62947e-11
0.564706
1.23013e-13
4.66294e-15
7.96074e-12
0.457214
3.91738e-07
4.17666e-13
0.0225243
1.10648e-10
2.24983e-08
9.37028e-14
5.77316e-15
7.9298e-05
5.77316e-15
0.414752
4.54296e-06
1.46549e-14
7.11209e-13
0.962467
0.0100417
0.0290012
7.19481e-09
0.332528
0.240347
0.00277748
0.401333
4.3852e-10
0.834576
7.65166e-13
0.752358
7.37188e-14
0.285712
0.000315482
0.534435
6.11306e-07
4.35207e-14
0.0105957
1.95399e-14
5.27871e-09
2.32259e-13
0.00718849
5.92859e-14
0.924063
0.00031019
9.37955e-05
0.254923
0.964946
0.0406326
1.0667e-12
3.77476e-14
0.964913
0.00212321
1.05936e-07
2.97604e-09
2.33147e-14
0.0589448
0.964643
0.964529
8.7911e-09
1.18046e-06
4.03011e-13
3.06422e-14
1.47015e-05
7.80931e-13
1.46549e-13
0.00973809
3.10941e-08
1.50813e-12
1.72602e-11
2.13829e-13
2.12742e-09
1.56553e-11
0.00239552
7.32746e-07
0.86397
1.07596e-09
2.6073e-08
0.955034
1.16085e-11
2.15632e-05
2.67351e-07
0.22928
0.000184011
0.000128705
3.5637e-10
6.47993e-05
0.758823
1.02599e-07
0.00358873
3.71577e-09
5.10703e-15
0.95394
4.21885e-15
2.83118e-05
2.26263e-13
4.85913e-09
5.55112e-15
0.0523481
4.26242e-06
1.32581e-05
2.40109e-07
7.57172e-14
1.14846e-08
0.232956
1.51883e-11
3.87016e-06
4.78284e-13
0.00137504
0.0609708
2.29372e-12
2.88664e-07
2.93099e-13
0.0101805
7.30425e-09
0.00608191
0.0198047
0.964527
6.36098e-07
8.94125e-11
5.44675e-13
2.9754e-14
0.00273673
1.32072e-12
0.378944
0.943689
0.000208566
3.30402e-13
1.33227e-14
6.17353e-11
1.02141e-14
0.00734683
1.19214e-09
5.32725e-09
0.504434
6.43929e-15
7.18314e-13
1.06063e-05
6.43754e-11
0.591347
0.00363914
0.202106
0.960928
0.810702
0.893042
0.702537
1.22768e-12
5.26558e-07
0.956713
3.88578e-13
0.078437
2.30926e-14
3.5529e-10
0.000180104
0.12157
5.32907e-15
5.22915e-13
0.162598
7.78111e-12
1.93179e-14
1.44278e-11
0.722295
9.32587e-15
0.00025398
0.00453748
2.45159e-12
0.00118586
0.0266663
5.77316e-15
3.07088e-13
0.0643602
0.234182
2.4869e-14
1.08313e-07
4.66294e-15
0.530367
2.68935e-06
3.66374e-13
2.49058e-08
2.89002e-11
4.7961e-06
0.00558357
2.03609e-10
0.331457
3.8014e-13
4.21885e-15
2.58871e-08
0.000458677
4.73732e-08
0.00583264
1.01953e-05
0.000228717
0.0332302
0.32688
7.86704e-13
1.60396e-06
0.166817
5.77316e-15
0.951188
1.958e-06
1.13465e-13
1.22588e-05
5.21361e-12
1.40297e-05
0.000123664
1.26565e-14
0.56924
0.964899
1.67138e-06
4.21885e-15
3.84404e-12
0.379082
0.0207162
0.963911
8.0186e-08
0.93005
0.113672
1.02141e-14
0.0298959
0.964394
0.00722559
2.52149e-05
0.00533199
1.20974e-08
1.41442e-13
5.02918e-06
5.14113e-08
5.55112e-15
2.96047e-07
9.46028e-08
8.14904e-14
4.90687e-10
1.66878e-07
9.85559e-10
3.94303e-08
0.76589
0.00886175
0.000508406
0.130687
1.89848e-13
3.35953e-13
5.60264e-10
4.66294e-15
0.0163508
1.25547e-06
7.21645e-13
1.38979e-05
5.1003e-10
9.80289e-11
5.79139e-10
0.12161
3.40834e-10
1.15153e-08
9.34982e-06
0.96026
4.82281e-12
0.303937
0.960985
1.64386e-10
2.1072e-13
0.94173
0.964942
2.14626e-10
0.0251522
1.81328e-11
4.72202e-06
0.964024
1.55453e-09
0.955634
0.964834
0.301103
0.00295301
1.28786e-14
1.90958e-14
9.88122e-09
1.33198e-08
5.89219e-07
0.0223806
1.03917e-12
3.12794e-11
3.02379e-10
0.964817
