0.0405208
0.0384521
0.999999
0.0385211
0.0808623
0.038894
0.0699864
0.0390313
0.0382899
0.0521741
0.16732
0.043919
0.0437127
0.999997
0.0410057
0.0383026
0.0384074
0.0387475
0.0385624
0.0486118
0.0383038
0.0395452
0.0415227
0.0383295
0.0382788
0.0460105
0.0384742
0.0458356
0.0481953
0.0382815
0.0415317
0.0382732
1
0.0609958
0.0382615
0.0418539
0.884079
0.0382765
0.0408734
0.0386337
0.038469
0.999991
0.498431
0.0425287
0.0428153
0.0384191
0.0383958
0.999545
0.039742
0.0383043
0.0658389
0.0434936
1
0.0487404
0.0397804
0.0382991
0.0383759
0.0437934
0.0438388
0.0387734
0.0383214
0.993297
0.0383287
0.0663448
0.0438943
0.0382616
0.038437
0.0382895
0.0384616
0.123928
0.0382614
0.0457847
0.0384027
0.0393358
0.038257
0.0483324
0.064725
0.0394552
0.0386103
0.0444992
0.0382604
0.0490284
1
0.0385223
0.0396685
0.0386508
0.0386529
0.0383048
0.0445713
0.0382713
1
0.0382925
0.0396548
0.0420694
0.0386235
0.15072
1
0.109593
0.038827
0.32323
0.0383729
0.0955493
0.100364
0.0508499
0.038677
0.03922
0.0870794
0.0386365
0.931906
0.040913
0.0392858
0.0385733
0.0443393
0.0382571
0.038303
0.0386287
0.038469
0.137386
0.0386125
0.0387224
0.0449481
0.0586185
0.0419919
0.0383184
0.0405119
0.0406319
0.0397257
0.0543501
0.0392426
0.042897
0.0383423
0.0383625
1
0.0608319
0.0483924
0.0387802
0.0392564
0.0383827
0.04095
0.0698315
0.0547749
0.0993227
0.0421037
0.038259
0.0382608
0.039236
1
0.303506
0.0739967
1
0.0538958
0.0387303
0.055928
0.208136
0.0614741
0.0384599
0.0382602
1
0.0460741
0.0387603
0.0458926
0.119441
0.275677
0.0436675
0.0530026
0.0407956
0.0385496
1
0.0384452
0.0402489
0.0403341
0.0382577
0.117686
0.0517741
0.0382856
0.0402829
0.0383398
0.0382623
0.0430012
0.038264
0.15329
0.0504277
0.12601
0.0382683
1
0.039558
0.0382826
0.039099
0.0979359
0.0460017
0.0635358
0.0385006
0.0385794
0.0382966
0.118298
0.0384196
1
0.0522155
0.0431186
0.0394906
0.0478294
0.996764
0.0384233
1
0.0466564
0.0572783
0.038389
0.0387458
0.0384063
0.048754
0.0400666
0.0532378
0.263313
0.0386743
0.0430687
0.0382614
0.435348
0.5982
0.0382708
0.0434835
0.0382629
0.0419636
0.0521663
0.0387532
0.0536951
0.0387003
0.0390198
0.0499692
0.0383601
0.046782
0.0386848
0.0388181
0.111187
0.0393958
0.0387017
0.0387203
0.038338
0.0391288
0.0387296
0.073379
0.0390448
0.0664071
0.0454757
0.0390391
1
0.0386822
0.0392954
0.0382884
1
0.989687
0.049036
0.03828
0.0383095
0.0387552
0.0684297
0.0459409
0.0389478
0.999598
0.133454
0.0383875
0.0385086
0.0394144
1
0.0657811
0.0446885
0.992921
0.113852
0.0626481
1
0.0383965
0.0411255
0.0523807
0.0677419
0.0382671
0.043792
0.0438756
0.0402646
0.0414191
0.0388228
0.0383989
0.0450771
0.0452145
0.0384473
0.0382731
0.0542943
0.0382854
0.0382567
0.0383232
0.03955
0.134312
0.0587577
0.0410238
0.0456323
0.149402
0.0975241
0.0480534
0.0382607
0.0423718
0.0391952
0.0383433
0.0385022
0.0465428
0.0388903
0.123069
1
1
0.0389876
0.0405666
0.9014
0.0386654
0.0395833
0.0430538
0.0386131
0.0390672
1
0.0492636
0.0534597
0.0387815
0.045729
0.039936
0.0382942
0.19733
0.11184
0.0390201
0.0436291
0.0743187
1
0.0384216
0.038325
0.0420061
0.0387956
0.0382816
0.0484241
1
0.0461387
0.0552622
0.0382567
1
0.03851
0.0382624
0.0684753
1
0.0511261
0.0567453
0.999937
0.999724
0.0383301
0.0486524
0.0383241
0.0696178
0.038287
0.0394502
0.0384534
0.0385092
1
0.039804
0.0383625
0.0964823
0.0496009
0.0419663
0.0397936
0.0412564
0.0459324
0.0384679
0.0382585
0.0388539
1
0.0386538
0.999928
0.0387225
0.0384457
0.038367
0.108857
0.0435812
0.0390989
0.0383249
0.0474293
0.0845224
0.0382619
0.0410245
0.0384246
0.0384058
0.0407276
0.0382806
0.0385592
1
0.0538862
0.0505385
0.0383732
0.039035
0.0734534
0.999996
0.0384918
0.0383758
0.134712
0.03847
0.0413583
0.0490866
0.0386249
0.0391701
0.0418242
0.0383131
0.0402039
0.039604
0.0416546
0.0393034
0.0948116
0.0412983
0.0418227
0.0398976
0.0452574
0.0408542
0.0391474
0.0394138
0.076081
0.0383459
0.0425974
0.0382657
0.0393029
0.0479728
0.0393661
0.0390348
0.0939592
0.03847
0.0404861
0.0488401
0.0382594
0.0391496
0.0484906
0.03908
0.0424285
0.0434521
0.0385645
0.0455383
0.0590729
0.0382601
0.0389651
0.0386245
0.0403847
0.0394711
0.999999
0.043387
0.105864
0.0403085
0.0383543
0.999998
0.0395878
0.0388207
0.0384852
0.999539
0.0405073
0.0573343
0.0387285
0.0653299
0.0541205
0.0506439
0.0383197
0.0383523
0.0579176
0.0382954
0.278067
0.0409268
0.0386829
0.0538987
0.0612145
0.0388489
0.038305
0.0383404
0.0382836
0.05584
0.05324
0.0389158
0.0388407
0.0402818
0.0386004
0.0388392
0.0435464
0.0528749
0.997965
0.0384789
0.0400738
0.0388646
0.0383802
0.0383823
0.0389256
0.040729
0.0401493
0.0473964
0.0451563
0.03848
0.0382892
0.0389058
0.0391847
0.03902
0.0541762
0.0457264
0.0389506
0.0484173
0.0382641
1
0.0424638
0.0413827
0.139342
0.173095
0.0401921
0.14667
0.0384976
0.0384425
0.0385882
0.999996
1
0.0413995
0.0500028
0.0382897
0.0508938
0.0397942
0.0416857
0.0388891
0.0386345
0.0383679
0.0383396
0.0450852
0.0385323
0.0526227
0.0383303
0.916419
0.0383604
1
0.0383728
0.0382917
0.0409609
0.0433827
0.0383717
0.0384944
0.0450086
0.0399616
0.0383488
1
0.107143
0.044007
0.0410889
0.0726867
0.0383817
0.0415685
1
0.0433726
0.41137
0.0404693
0.0382718
0.0387688
0.0388928
1
0.0384935
0.0384717
0.038612
0.0394913
0.0382587
0.0384023
0.0726349
0.0392606
0.0383048
0.0383332
0.0395034
0.0389923
1
0.0562967
0.0386006
0.0427223
0.0440069
0.0388541
0.0382579
0.0492757
0.0385106
0.0382699
0.999999
0.999992
0.0392208
0.0383422
0.125594
0.0394137
0.882586
0.0402179
1
0.0398843
0.0383497
0.0382567
0.0421401
1
0.0383339
0.0392166
1
0.0409036
0.0920499
0.0502796
0.0387692
0.0418979
0.052575
0.0490406
0.0397816
0.040523
0.0386838
0.0384613
0.0384587
0.0382751
0.0382779
0.0392011
0.0394387
0.107708
0.0436482
0.0382663
0.0388618
0.0382608
0.0383496
0.0760003
0.0399605
0.0402867
0.038326
0.0427897
0.999591
0.0383241
0.997018
0.041475
0.0739178
0.12547
0.0469531
0.0539585
0.0382976
0.039247
0.0382984
0.489565
0.0382732
0.0607446
0.0386653
0.0383712
0.0494599
0.0386753
1
0.0383267
0.0399767
0.0547564
0.0470786
0.0383538
0.055548
0.0390127
1
0.0530389
0.0635595
1
0.0403349
0.0515329
1
0.0550399
0.118404
0.0410011
0.039631
0.041509
0.0412135
0.0383764
0.0384817
0.0413749
0.0450608
0.057104
0.999801
0.0596436
0.0384148
0.0870674
0.0382754
0.0384039
0.0411023
0.0565528
0.0394817
0.322044
0.157855
0.038258
0.0453817
0.0431862
0.458075
0.0382642
0.0416399
0.039021
0.223646
0.064949
0.0398407
0.853472
1
0.039799
0.999998
0.0389898
0.0877168
0.0396442
0.0398013
0.900008
0.0388588
0.039931
0.10264
0.760575
0.0396898
0.0473908
1
0.654697
0.0422656
0.0385217
0.0395603
0.114653
0.0389102
0.0382803
0.189185
0.0588971
0.0392533
1
0.0879411
0.0395214
0.0416013
0.0464277
0.0392923
0.0382664
0.0382595
0.0386142
0.0391309
0.0396418
0.0578492
0.0388084
0.038714
0.0382569
0.0383333
0.0536665
0.0383526
1
0.0983138
0.0445293
0.0394674
0.0540653
0.0382643
0.042475
0.0382938
0.0413976
0.0383027
0.0607893
0.0413473
0.853199
0.0406039
0.0405613
0.572049
0.0383109
0.0383273
0.0396337
0.0505718
0.0382567
0.0399684
0.418318
0.0405072
0.912277
0.0382674
0.0456003
0.0661506
0.0396745
0.0382991
0.129632
0.089975
1
1
0.999997
0.0406916
0.0388267
0.080977
0.0382701
0.0654268
0.0392017
1
0.0382602
0.045705
0.0384669
0.0390499
0.050146
0.0481665
0.0566576
0.0384331
0.0532872
0.0445379
0.0388484
0.0467088
0.0905138
0.0384039
1
0.0585668
0.040046
0.0397387
0.0724414
0.155688
0.0382774
1
0.0402283
0.0389517
0.072134
0.0384219
0.0382607
0.0382658
0.0400727
0.0382762
0.0872882
0.0387061
0.984848
0.567349
0.999519
0.0952298
0.0382601
0.0383281
0.038534
0.0394473
0.0466984
0.038638
0.0391456
1
0.0423963
0.0821329
0.805305
0.0383193
0.0405705
0.0470244
0.0382611
0.0802863
0.0395686
0.0382903
0.0388356
0.0382581
0.202983
0.0384157
0.0752421
0.648158
0.0531078
0.0444976
0.0744435
0.0428808
0.0417118
0.0410773
0.038326
0.965772
0.0395293
0.0763961
0.0382647
0.0386932
0.0391257
0.0401837
0.0397485
0.0474673
0.716312
0.0411745
0.0383019
0.112861
0.0404649
0.039373
0.0392905
1
0.0708708
0.0467798
1
0.0440976
0.0386099
0.0407853
0.0384977
0.0541175
0.110701
0.997584
0.0393143
0.0426728
0.0426081
0.0428323
0.0457072
0.0391506
0.154866
0.0717855
0.366168
0.043798
0.0536564
0.0384177
0.0522534
0.0563455
0.999999
1
0.112464
0.775743
0.0594933
0.0393633
0.0394779
0.0387064
0.038257
0.0408692
0.997114
0.0386743
0.0505142
0.0382783
0.0389775
0.0382603
0.0466992
0.0383002
0.999999
0.999662
0.0386668
0.0393725
0.039894
0.0382714
0.0385202
0.0428657
0.038268
0.0384211
0.038481
0.0425713
0.433889
0.0382942
0.0388553
0.0580906
0.0391776
0.0477395
0.0383201
0.0387913
0.767881
0.999116
0.049938
0.0403727
0.0382796
1
0.256408
0.0690284
0.999888
0.0483834
0.0419988
0.0401519
0.0422686
0.0967058
0.0385241
0.0409008
0.0546116
0.0892548
0.038341
0.0398727
0.0397038
0.0438307
0.857792
0.0630378
0.0386966
0.117735
0.0411063
0.0394275
0.0382568
0.0386013
0.449998
0.0382661
0.14524
0.03827
0.0382912
0.999959
0.0403387
0.953905
0.0438358
0.0392071
0.0383002
0.039274
0.0383445
0.0522201
0.0438655
0.0394446
0.042677
0.0382947
0.0384782
0.0390989
0.966655
0.0386284
0.902023
0.0382713
0.0543536
0.0463609
0.0382625
0.0383768
0.041663
0.0382925
1
0.0421546
0.0388736
1
0.0484234
0.0394414
0.0807294
0.0425405
0.111524
0.0388897
0.357582
0.799903
0.0745441
0.0383552
0.0382685
0.0402373
0.0384571
0.639476
0.122432
0.0460556
0.0383555
0.0383613
0.0411539
1
0.0555808
0.218698
0.0384465
0.0390336
0.0413464
0.0400176
0.0386686
0.0399681
0.038291
1
0.0383144
0.0500094
0.0382927
0.0382686
0.0464347
0.0392064
0.0384032
0.0389512
0.0410759
0.0383897
0.0382732
0.0529232
0.0395523
0.19151
0.0385461
0.0395205
0.0383183
0.0459623
0.0526534
0.043554
0.0720891
0.0383455
0.402969
0.0416917
0.0396159
0.046375
0.0382685
0.0384275
0.99999
0.235014
0.0382592
0.0430604
0.0391128
0.0386558
0.0596416
0.18477
0.0528804
0.0388477
0.0414854
1
0.999998
0.0387891
0.0473091
0.0395577
0.0480327
0.0540722
0.18869
0.0834277
0.112521
0.0382636
0.0382855
0.0390994
0.0382649
0.0383191
0.040236
0.0476105
0.0382603
0.0389625
0.822642
0.999923
1
0.0431408
0.0580134
0.0565711
0.0521417
0.0521884
0.038303
0.0406739
0.40703
0.184049
0.0385169
0.999753
1
0.0410125
0.0611291
0.051468
0.0589412
0.039438
0.0391902
0.039866
0.0383795
0.039471
0.0386803
0.0485211
0.0400599
0.0413477
0.0485732
0.0723629
0.0770872
0.0640497
0.0387709
0.0487944
1
0.0448564
0.0389476
1
0.0954025
0.733303
0.0383657
0.0527873
0.0576853
0.0423285
0.242243
0.0383524
0.0411507
0.0383202
0.0383593
0.0386704
0.038599
0.0389703
1
0.0384995
0.039021
0.0604635
0.0383451
0.0386632
0.0524912
0.0393567
0.0411787
0.0384597
0.040606
0.0541129
0.0401111
0.378136
0.0384381
0.083757
0.0824852
0.0441124
0.0388864
0.0382577
0.040383
0.0382813
0.0382634
0.0389573
1
0.0383658
1
0.0383203
0.0448994
0.046625
0.0390383
0.0412059
1
0.0490288
0.0404137
0.038855
0.038262
0.0385732
0.0383723
0.196878
0.0416156
0.0392858
0.0392966
0.996414
0.0393264
0.0414984
0.0499072
0.042135
0.0451601
0.0403795
0.0383938
0.0540263
1
0.0384517
0.0404124
0.0396542
0.0385011
0.197075
0.0546185
1
0.282045
0.0382724
0.0388459
0.0400847
0.0522039
1
0.999574
0.0409393
0.0410808
0.999997
0.0423361
0.0506417
0.0415121
0.999948
0.129899
0.0524105
0.115751
0.0391839
0.0454763
0.043667
0.999992
0.042611
0.050092
0.471445
0.0384835
0.0386149
0.0423429
0.0418429
0.038424
0.0384471
0.0383135
0.043826
0.0430259
0.0444561
0.0384811
0.0436091
1
0.188164
1
0.0383041
1
0.0407017
0.0389223
0.0382588
0.0395058
0.0391046
0.0441593
0.0383275
0.991964
0.0463017
0.0607382
0.0455021
0.0410423
0.0383262
0.0385613
0.0638799
0.038478
0.0478533
0.0384928
0.76746
1
0.0382759
0.0460592
0.0481947
0.040665
0.0383282
0.0382567
0.0445445
0.0382874
0.0401431
0.0410212
0.0721394
0.0383624
0.0485379
0.0388194
0.0382583
0.999973
0.0467081
0.04068
1
0.0405683
0.0382874
0.0384483
0.0898509
0.039104
0.0383168
0.0390693
0.0867773
0.0384075
0.999996
0.0989958
0.13432
0.0393722
0.0409593
0.0587464
1
0.0394766
0.0382568
0.0383185
0.999996
0.0388036
0.0382646
0.0382911
0.0391364
0.0386323
0.0399578
0.95321
0.0387146
0.0385362
0.0668021
0.472102
0.0750351
0.047054
0.0905558
0.0384663
0.0399948
0.967367
0.0413182
0.042659
0.0383574
0.0387088
0.0382604
0.997166
0.0385441
0.0409765
0.0382789
0.0383531
0.0560156
0.0383418
0.0469632
1
0.157306
0.0383628
0.0387762
0.0383272
0.0526324
0.0407661
0.490243
0.0385651
0.0435018
0.0386478
0.0382567
0.0397821
0.261253
0.0441111
0.0524876
0.038441
0.0385055
0.0382761
0.0412972
0.0426738
0.0465519
0.0421789
0.0502509
0.0630229
0.0382643
0.618408
0.0699601
0.0425583
0.0426278
0.0449272
1
0.0508583
0.0390481
0.83761
0.0383469
0.039444
1
0.180293
0.0382589
0.981095
0.0420891
0.0391149
0.0391478
0.0396212
0.0438566
0.0384599
0.999829
0.039457
0.0392898
0.0434629
0.0779275
1
0.05092
0.0450895
0.0388333
0.0382987
0.0416567
0.0398582
0.0382599
0.0386382
0.0399663
0.0396152
0.997276
0.0382938
0.0384336
0.038401
0.0426493
0.0757496
0.0391848
0.0389525
0.0453332
0.0458625
0.0382567
0.0723424
0.0445718
0.0382676
0.0392563
0.114951
0.0394418
0.0383831
0.0406343
0.040513
0.0382925
0.0404044
0.0412011
0.045984
0.0404813
0.041487
0.0498888
0.0844652
0.038288
0.16635
0.0382936
0.0394473
0.0388682
0.382241
0.0382594
1
0.0382933
0.0434016
0.0611839
0.0385471
0.0431303
1
0.0415326
0.0384557
0.0454172
0.417542
0.0392023
0.0390342
0.933155
0.040001
0.0765551
0.0382899
0.0386151
0.0385104
0.0391216
0.0382672
0.0384875
0.0383698
0.069536
0.068864
0.999997
0.0382567
0.0488335
0.0588321
0.0400159
0.0388814
0.0805406
0.0588979
0.0905479
0.0399858
0.0540663
0.0424754
0.978252
0.890937
0.0394954
0.0925827
0.052273
0.038415
0.0430576
0.0528937
0.0393492
0.0451699
0.0385423
0.987456
0.0413629
0.0383373
0.999056
0.946818
0.0522591
0.0382739
0.0523148
0.0393445
0.0388154
0.0384536
0.0488538
0.0390729
0.0405743
0.0553586
0.0635439
0.0382567
1
0.0383061
0.0390924
0.038266
0.0431871
1
0.0482569
0.0385113
0.038303
0.922706
0.0382713
1
0.0388885
0.0530612
0.096746
0.0960242
0.0556344
0.0391145
0.0384361
0.0383005
1
0.134598
0.0383149
0.0385444
0.0384832
1
0.038257
0.0383686
0.0447569
0.0400831
0.0388108
0.0384398
0.0417349
0.041721
0.0382732
0.0391034
0.0401565
0.990044
0.0382711
0.925317
0.996211
0.0403135
0.0387185
0.0391516
0.0383214
0.0384723
0.0386058
0.0383663
0.0383956
0.999798
0.0385598
0.0383156
0.0571987
0.104399
0.0382598
0.052982
1
0.0383881
0.0383167
0.038264
0.0401406
0.0383748
0.0383182
0.0402116
1
0.03838
0.0495147
0.0382567
0.440029
1
0.0411801
0.0384348
0.0454292
0.999511
0.0409007
0.0389041
0.0383486
1
0.127193
0.0391182
0.038341
0.0384854
0.0384215
1
0.0456698
0.194569
0.626928
0.0390468
0.0707261
0.0384569
0.0382592
0.994317
0.232184
0.0453604
0.0393502
0.0385658
0.0383825
0.0401951
0.0385489
0.0845778
0.057503
0.0505329
0.0455655
0.0469788
0.0388842
0.038445
0.0455953
0.0382567
0.038466
0.0385656
0.0385557
0.195137
0.922417
0.0550751
0.0383227
1
0.103574
0.110292
1
0.03844
0.999743
0.0731569
0.0390519
1
0.065836
0.0693368
0.0390182
0.999927
0.0390127
0.0397551
0.0383435
0.0545149
1
0.0648433
0.999313
0.0384393
0.0443368
0.0846478
0.0386241
1
0.042026
0.0573646
0.198585
0.999897
0.0421305
0.0382702
0.0382881
0.0429602
0.999861
0.038285
0.999999
0.0419614
0.0384395
0.0390664
0.0386953
0.038426
0.0392175
0.0383112
0.0418517
0.0415023
0.0410068
0.0403178
0.0382586
0.0546211
0.053084
0.0383425
0.962995
0.0392218
0.102825
0.0382856
0.0383169
0.998007
0.999748
0.0382958
0.0612334
0.0382766
0.0447256
1
0.0383146
0.0382884
0.0401065
0.0501754
0.0425265
0.0386394
1
0.0405444
0.0981178
0.0388681
0.0741651
0.0560314
0.0780949
1
0.844972
0.0424945
0.121381
0.0401867
0.0509236
0.0643238
0.0383237
0.0393604
0.0395469
0.0420614
0.0857784
0.783397
0.0385591
0.0469043
0.0524444
0.0473206
0.0384815
0.038323
1
0.0455608
0.0391253
0.0387445
0.0383586
0.148721
1
0.0827906
0.0386856
0.0701048
0.0383393
0.047647
0.0383111
0.0388515
0.0575175
0.0407746
0.0382643
1
0.0383643
0.0603505
0.0390901
0.987761
0.0383351
0.0398983
0.0382567
0.03827
0.0403477
0.0395487
0.0402499
0.0957038
0.0382764
1
0.0415148
0.0384042
0.0401826
1
0.0382754
0.0511321
0.147757
0.0382617
0.0404697
0.999457
0.055291
0.0384839
1
0.0383609
0.0385703
0.0480107
0.0404575
0.0382862
0.043556
0.560297
0.042735
1
0.0386994
1
0.0441721
0.0452549
0.0383329
0.0417517
0.171364
0.0466413
0.0663188
0.0856117
0.0383641
0.0564616
0.0388068
0.0383973
0.0387686
0.999999
0.99999
0.0385356
0.0403668
0.996408
1
0.0385461
0.803519
0.249592
0.038645
0.999996
0.0570089
0.0932367
0.175608
0.039248
0.0791211
0.0408509
0.0752734
0.0482199
0.0383842
0.0411979
0.0392397
0.0384803
0.957892
0.0382572
0.050884
0.0645596
0.0624305
0.038297
0.0384729
1
0.0398719
0.0413447
0.134097
0.062944
0.043599
0.0464163
0.0421681
0.0478606
0.408787
0.999958
0.0382567
0.0383021
0.0386998
1
0.0448903
0.0383608
0.0385029
0.0409352
0.0382598
0.0391176
0.0385187
0.212099
0.0407882
0.0384166
1
0.0389782
0.986648
0.0512661
0.0389636
1
0.0397575
0.0387348
0.0383778
0.05161
0.992979
0.039471
0.0388604
1
0.642176
0.0384211
0.0397621
1
0.996001
0.0391476
1
0.0440036
0.0392857
0.0393022
0.0400832
0.0397832
0.0389688
0.0382956
0.0638093
0.0385899
0.0540002
0.0424751
0.0385611
0.0396418
0.0420686
0.0384912
0.926362
0.0432659
0.0408949
0.0384394
0.0384386
0.038389
0.0389477
0.125195
1
0.0385621
0.0382768
0.038399
0.0382597
0.038291
0.0761084
0.0382675
0.0651828
0.0382584
0.0400873
0.0386327
0.0387362
0.999771
0.0580977
0.0454133
1
0.0386044
0.0384976
0.950747
0.997108
0.99998
0.0450755
0.03827
0.0422481
0.0664671
0.999999
0.963705
0.0574164
0.0541965
0.0395285
0.0382879
0.0398736
0.104156
0.0396016
0.0580392
0.0461837
0.893516
0.0383351
0.0395318
0.459293
0.0384436
0.0489845
0.0387706
0.0423404
0.0383202
0.0779484
0.0426536
0.0410839
0.0391887
0.0383785
0.192476
0.0393756
0.117033
0.0385016
0.0382738
0.135744
0.0409551
0.999999
1
0.052681
0.0384557
0.0404163
1
0.0722038
0.0406674
0.0483462
0.0623845
0.113269
0.201473
0.188412
0.0385207
0.0443452
0.0384631
0.038418
0.0387913
0.286933
0.0382957
0.0533824
0.978063
0.0383879
0.0385225
0.0605071
0.999993
0.0382718
0.0610482
0.0763905
0.99674
0.0391399
0.0406905
0.0384985
0.084929
0.0401966
0.0382851
0.0382684
0.03828
1
0.0383135
0.0389622
0.0397756
0.0401842
0.0927119
0.054479
0.0383114
0.0391786
0.0385683
0.0382779
0.999992
0.0448059
0.038257
0.0397309
0.0382601
0.0389558
1
0.992257
0.111065
0.0841754
0.0671046
1
0.0651859
0.0557207
0.0434794
0.411152
0.0704468
0.971662
0.0502554
0.0382647
0.0384915
1
1
0.0384648
0.0383924
0.0449533
0.0869941
0.0405174
0.0421572
0.0382671
0.0700823
0.0385666
0.0387632
0.0395864
0.0475805
0.0461281
0.0735446
0.0382604
0.0401906
0.0386696
0.0397523
0.0405818
0.0399419
0.953465
0.0391504
0.0519886
0.0391608
0.0384791
0.334095
0.0491852
0.0386285
0.0382777
0.0409391
0.0672784
0.0427122
0.0382607
0.039412
0.0385835
0.0382647
0.999931
0.0383945
0.0465609
0.0414159
0.038257
0.0384348
0.0382882
0.0384626
0.0404132
0.0393861
0.0392787
0.0509447
0.0446097
0.0382585
0.0725988
0.0541237
0.0383711
0.0399593
0.0382574
0.0400369
0.0385832
0.294059
0.0464605
1
0.0382937
0.0410231
0.0821979
0.0403254
0.0520778
0.0401621
0.0504737
0.160087
0.0391795
0.995053
0.0391017
0.0442435
1
0.0389819
0.0459508
0.0398785
0.962846
0.0537289
0.0610496
0.25498
0.0382783
0.0823078
0.0382887
0.0388037
0.985101
0.0385422
0.157171
0.0382985
0.0382648
0.0384871
0.17466
0.0384419
1
0.0401157
0.0392822
0.0388169
0.0388157
1
0.0383956
0.0972601
0.148595
0.0393528
0.0403854
0.999971
0.0382788
0.0420713
0.0382783
0.0397678
0.038278
0.0413687
0.0382685
0.0461307
0.038271
0.0712471
0.0382612
0.042832
0.038268
0.14511
0.146617
0.168207
0.999742
1
0.0382651
0.0552
0.0393668
0.999998
0.040687
0.0423465
0.151246
0.0387298
0.0410464
0.040486
0.0567271
0.0405647
0.0383989
0.0384503
0.0382742
0.0384481
1
0.0392361
0.0383163
0.0672792
0.0485291
0.0389838
0.0385899
0.038347
0.0383427
0.0382567
0.0459853
0.0422519
0.0388778
0.0453934
0.0506694
0.0382574
0.0397496
1
0.0382576
0.0385324
0.0398111
0.0387533
0.0382937
0.0435659
0.0383887
0.0390978
0.265058
0.0384569
0.0385515
0.0388151
0.999999
0.0422214
0.84142
0.0413577
0.0395506
0.0383246
0.038496
0.0998165
0.991349
0.0411608
0.0508116
0.0384207
0.0408228
0.0382685
0.0407032
0.071801
1
1
0.0465165
0.0498834
0.0382914
0.0398506
0.147055
0.103682
0.0446925
0.0423469
0.038345
0.111228
0.987883
0.0457672
0.0881657
0.0382669
0.0706817
0.0387644
0.0385882
0.0384124
0.0382748
0.298672
0.0391163
0.0385847
0.938976
0.0485774
0.0404034
0.0382786
0.0453107
0.0551706
0.0431988
0.0386418
0.0472113
0.142917
0.0394498
0.0513206
0.998127
0.0609202
0.0428936
0.0395029
0.0382792
0.986077
0.0538469
0.0382854
0.0429084
0.0446389
0.0565568
0.0382605
0.0393562
0.0541067
0.05604
0.0529209
0.054478
0.0388516
0.0385069
0.0382853
0.0388109
0.054678
0.0386283
0.0410363
0.0484683
0.0382974
0.0564478
0.0804773
0.038285
0.0383973
0.0662469
0.154832
0.0472753
0.0382663
0.0382658
0.0384392
0.0430903
0.0586345
0.0384187
0.0384349
0.912138
0.0383233
0.184478
0.0387784
0.0433215
0.0575176
0.0429657
0.0383274
0.0388607
0.0688204
0.039856
1
0.0392684
0.0382833
0.999997
0.0410791
0.0446615
0.0382614
0.24747
1
0.0561976
0.999997
0.834437
0.628896
1
0.964242
0.367688
0.0399264
0.0895022
0.0383479
0.0383153
0.203744
0.417507
0.0419488
0.0501623
0.966792
0.04175
0.116568
0.0383017
0.0439567
0.0384216
0.549966
0.0384976
0.0390381
1
0.0382579
1
0.0385157
0.0382912
1
0.999663
0.0383548
0.0614723
0.0382571
0.112264
0.586487
0.0385815
0.0425279
0.0384976
0.040839
0.911043
0.0394569
0.0499233
0.0387456
0.0384794
0.0461865
0.0392799
1
0.0426055
0.118457
0.0391502
0.176686
0.376181
0.0385907
0.0406775
0.0389963
0.0385322
0.0430318
0.0456053
0.621507
0.34616
0.0384748
0.0384983
0.777503
0.0414168
0.0387714
0.0403641
0.5707
0.0384958
0.827316
0.0421138
0.0385098
0.0382593
0.0386223
0.0469105
0.059961
0.038269
0.0424589
0.0387204
1
0.0392549
0.707134
0.0393351
0.0383671
0.0392334
0.0385789
0.999999
0.127019
0.0719209
0.073193
0.0861101
0.038321
0.952727
0.0392256
0.0382793
0.0487208
0.192636
0.038543
0.0576403
0.149146
0.0457181
0.0514361
0.0824061
1
0.0382569
0.0393364
0.0384373
0.0434871
0.0383015
0.0386948
0.0382576
0.0546604
0.0394192
0.039991
0.0516595
0.0424908
0.999911
0.0394363
0.0453687
0.0490792
0.0396185
0.121545
0.0400766
0.0382568
0.0382574
0.0411622
0.876069
0.172925
0.0465155
0.0417641
0.0386514
0.0383156
0.0403255
0.0383275
0.0388364
0.0382675
0.0384762
1
0.0403742
0.0386791
0.0383859
0.999998
0.0402763
1
0.0470283
0.0384217
0.039618
1
0.0403874
0.0443018
0.137944
0.0394512
0.101207
0.0386748
0.0530059
0.0425906
1
0.912833
0.0466059
0.0390207
0.0383344
0.0821689
0.0487128
0.0382609
0.149864
0.0391377
0.0382808
0.0387014
1
0.0382651
0.0471468
1
0.979255
0.998442
0.0432609
0.119348
0.99997
0.0484869
0.041129
0.0398428
0.0382773
0.0423591
0.0383244
0.0534189
0.0384299
0.0483064
0.0483965
0.0384862
0.0831986
0.999977
0.0383251
0.0401913
0.038409
0.0976015
0.0388445
0.0615792
0.0391674
0.0384079
0.0382593
0.0382927
1
0.0515767
0.0809323
0.0411513
0.0419711
0.136068
0.066032
0.039122
0.0802044
0.19318
0.039247
0.0383159
0.038446
0.0723173
0.0638131
0.195174
0.0382882
0.167391
1
0.042087
0.0421668
0.038474
0.0386779
0.0384433
0.0626437
0.127667
0.0449641
0.171206
1
0.0486633
0.0390886
0.0406559
0.0412562
0.0384456
0.0382743
0.986587
0.0875836
0.0382581
0.0477321
0.131776
0.0455845
0.0566792
0.0443872
0.0645153
0.0472841
0.0422153
0.0383973
0.0659087
0.0393613
0.0416152
0.0881854
0.0388148
1
0.0457915
0.0431768
0.041273
0.0392349
0.0382982
0.0387855
0.039069
0.0382806
0.0572264
0.040644
0.0403063
0.0383764
0.852547
0.999997
0.0401767
0.0414995
0.0384482
0.55982
0.0382585
0.0398942
0.0540911
0.0382941
0.0386085
0.983701
0.178365
0.0718153
0.0395272
0.082413
0.998675
0.0438404
0.0613724
0.0383706
0.0395398
0.0427911
0.0388716
0.936035
0.0392769
0.0546757
0.0382614
0.975902
0.134118
0.970384
0.0394832
0.0390153
0.999993
0.0409387
0.137167
0.0950234
0.0383583
0.0384165
0.0959058
0.038605
0.0416783
0.0409895
0.0399575
0.972578
0.0383156
0.0390791
0.0386876
0.0382689
0.0526951
0.0395559
0.0788847
0.975958
0.0383132
0.0451262
0.0387487
0.0384668
0.999996
0.999558
1
0.0418036
0.211698
0.0383988
0.0389252
0.0391098
0.161268
0.99914
0.0402072
0.0473761
0.251313
0.0411351
0.0648522
0.0385608
0.0408764
0.0382629
0.0556808
0.0772165
0.0440787
0.0388346
0.207652
0.23156
0.265675
0.0407191
0.306238
0.0788002
0.0989345
0.999458
0.628278
0.0400487
0.0387125
0.0453412
0.0582337
0.0468975
0.0393768
0.18082
0.0451789
0.0412841
0.0646511
0.0408648
1
0.0383994
0.10523
0.0382631
0.0519628
0.0420166
0.678265
0.582068
0.0398265
0.405988
1
1
1
0.0557106
1
0.03965
0.0383444
0.0394125
0.0385068
0.0537314
0.0500261
1
1
0.0831463
0.0408157
0.0382712
0.0383276
0.108046
0.0437281
0.111198
0.0398889
0.0411421
0.0415861
0.344118
0.0416322
0.0455913
0.044185
0.0390447
0.0387019
0.0382567
1
0.842482
0.0387967
1
0.0600915
0.560713
0.0435581
0.997937
0.420833
0.0392558
0.999889
0.0420361
0.0382584
0.972629
0.0382588
0.0502818
0.0448994
0.0454724
0.0382649
0.0459911
0.0385933
0.079979
1
0.0387023
0.0383133
0.0382595
0.0442587
0.0396904
0.0446248
0.0846619
0.0594252
0.999988
0.0576968
0.0506113
0.0383344
0.0633367
0.0393848
0.0579201
0.0382658
0.0433911
0.0561032
1
1
0.909278
0.768953
0.415609
0.0385834
0.11527
0.0555112
0.999982
0.0400775
0.0383061
0.246513
0.0413709
0.0396618
0.0387873
0.0399768
0.0384781
0.173204
0.0385022
0.0496884
0.038276
0.0383541
0.0657655
0.28653
0.0847087
0.0466655
0.0382634
0.0405002
0.0649494
0.0386901
0.94841
0.0429086
0.0387347
0.038258
0.0984505
0.0382588
0.10896
0.0423302
0.0387827
0.0383817
0.042493
0.397562
0.0383992
0.0703418
0.0813466
0.039179
0.108386
0.144383
1
0.0390212
0.199962
0.224788
0.0383489
0.0427368
0.0382614
0.166318
0.0387259
0.0406144
0.15969
0.0384948
0.998858
0.0495366
0.0392167
0.0402285
0.0383182
0.0382585
0.0399987
0.0574443
0.072479
0.048546
0.135427
0.0449273
0.0463647
0.363381
0.0394061
0.728439
0.185043
1
0.0428448
0.0614813
0.038393
0.0389667
0.769239
0.0397264
0.0458792
0.0382872
0.0788875
0.0391644
0.0517204
0.0382568
0.0498865
0.062439
0.0561713
0.288302
0.107868
0.981084
0.0512336
0.0382673
0.0393956
0.038317
0.039233
0.963856
0.0587032
0.0407272
0.999997
0.275126
0.0385297
0.0427535
0.0471593
0.040712
0.0383232
0.0478014
0.998416
1
0.0392204
0.0383708
0.667425
0.356594
0.0711586
0.0385344
0.038604
0.0414598
0.0397295
0.059797
0.0441374
0.0405424
0.038592
0.0401366
0.0400991
0.0485858
0.156635
0.0387538
0.0382634
0.0947951
0.0405102
1
0.410103
0.0414472
0.0406579
0.0486433
0.0508676
0.0423192
0.0386223
0.0676043
0.0385799
0.0486012
0.044738
0.0555289
0.0417544
0.0391087
0.180311
0.137493
0.0385105
1
0.999975
0.0490807
0.0413605
0.0828376
1
0.038346
1
0.0385613
