1.79929e-05
3.33067e-14
2.11277e-07
6.72351e-13
5.29552e-06
8.88178e-16
8.05738e-06
2.62496e-07
1.85452e-12
4.97209e-10
5.97815e-09
0.954084
2.26124e-08
1.00608e-05
1.33227e-15
1.88738e-14
6.66134e-16
6.66134e-15
1.06581e-14
1.36402e-12
1.33005e-13
0.966221
0.966539
1.33227e-15
1.11022e-15
1.58425e-10
2.88658e-15
2.52692e-05
1.51339e-06
2.70672e-13
2.28706e-14
6.66134e-16
5.60184e-09
1.76629e-07
1.11022e-15
1.1191e-13
3.1766e-05
6.66134e-16
2.64531e-11
2.33147e-14
6.9722e-14
7.90523e-12
0.00606272
0.915811
1.4011e-13
6.21725e-15
4.66294e-14
0.000101937
0.000253101
1.79856e-14
9.12558e-10
5.9821e-12
0.000545683
0.970283
4.92029e-12
1.11022e-15
6.66134e-16
1.15463e-14
0.962414
8.56549e-10
1.11022e-15
0.000125709
5.10703e-14
4.0592e-12
9.61573e-11
2.44249e-15
1.33227e-15
2.44249e-15
1.82077e-14
0.757611
6.86672e-05
0.660018
1.55431e-14
5.92015e-12
9.99201e-15
1.79067e-10
8.88178e-16
3.90799e-14
1.03269e-11
1.00436e-08
9.54792e-15
4.81126e-12
7.86793e-12
2.68425e-08
2.44249e-15
7.54952e-15
0.968135
1.33227e-15
5.9508e-14
1.58378e-09
2.02627e-06
3.95239e-14
0.0397966
3.9968e-15
7.77107e-10
3.83516e-08
7.32747e-15
2.97017e-08
1.79856e-14
0.00692625
5.57998e-13
3.95221e-10
4.18043e-08
6.66134e-16
0.107678
6.74413e-09
5.92989e-10
6.85896e-13
6.44827e-06
5.88196e-13
2.51266e-12
1.75659e-12
3.5944e-10
1.11022e-15
1.99657e-06
4.77396e-14
1.33227e-14
0.957501
1.4877e-14
2.44249e-15
2.44249e-15
4.2875e-10
4.96816e-10
8.27155e-08
1.19638e-12
8.88178e-15
0.000527656
7.80357e-06
2.26485e-14
6.76247e-06
2.91989e-13
8.46434e-12
2.54742e-07
0.000126779
7.21537e-08
0.969061
8.88178e-15
1.11022e-15
3.93082e-07
0.000226818
3.77075e-07
0.0114818
2.46625e-12
2.66454e-15
6.66134e-16
4.87965e-12
2.52021e-06
1.10065e-05
1.33227e-15
1.13539e-08
1.9984e-15
0.970236
1.578e-05
0.103457
3.62068e-06
4.21885e-15
2.44249e-15
4.7265e-06
8.04712e-07
5.32907e-15
8.46939e-10
1.11664e-06
0.000296314
1.9984e-15
0.0100078
4.17733e-12
1.55431e-15
2.04495e-10
1.15463e-14
3.06781e-11
1.7758e-07
6.66134e-16
0.0141908
4.99649e-06
1.11022e-15
0.968838
2.66454e-14
2.22045e-15
5.9952e-15
1.23279e-09
8.49131e-06
1.54532e-11
5.41721e-07
0.0325141
5.32336e-10
0.940806
1.22125e-14
2.90735e-09
2.83065e-05
5.75096e-14
5.37863e-07
0.966321
4.43645e-13
2.0739e-13
0.00262296
4.44089e-15
9.32587e-15
7.6894e-13
1.11022e-15
6.66134e-16
1.65867e-13
6.4554e-07
1.60376e-08
6.39399e-10
5.9952e-15
1.6206e-06
4.37428e-14
8.73405e-07
0.96949
0.000101728
0.956279
5.10703e-14
0.354458
3.10862e-15
1.89493e-05
8.88178e-16
7.23184e-11
7.07972e-07
1.37446e-13
3.01537e-13
1.33227e-15
0.969127
0.931641
1.27299e-07
3.66374e-14
6.02865e-08
4.83073e-08
1.37843e-11
6.66134e-16
1.22693e-08
1.42633e-11
1.84362e-10
7.10543e-15
8.88178e-16
1.55431e-15
7.30527e-14
0.965958
3.00648e-13
6.66134e-16
1.4131e-07
5.91376e-07
4.14814e-07
0.961457
2.02858e-06
0.970212
1.11022e-15
4.96776e-06
1.55642e-11
6.66134e-16
2.95319e-13
3.37304e-08
8.88178e-16
1.89e-11
4.9738e-14
0.000829142
6.34776e-05
4.19553e-12
4.18847e-11
9.83658e-14
1.11835e-11
9.83658e-14
5.63872e-09
4.44089e-15
2.07612e-13
0.968349
4.97942e-06
0.0104172
3.82361e-13
1.15284e-10
3.77476e-15
6.88338e-15
7.08711e-07
5.39344e-09
1.84958e-05
9.74776e-13
4.33089e-09
3.86358e-11
9.9539e-11
9.99201e-15
6.92779e-14
1.38334e-13
0.0119376
6.66134e-16
3.33067e-15
1.9596e-09
6.66134e-16
6.66134e-16
2.9976e-14
0.00242403
0.171962
1.9984e-15
1.08378e-09
6.99717e-08
0.0249474
2.09814e-10
4.69796e-07
6.66134e-16
8.14903e-09
0.969055
2.88658e-15
2.64522e-12
1.09099e-06
1.55631e-12
0.00444149
1.84884e-08
6.90177e-10
1.85463e-11
0.96852
0.00222491
8.88178e-16
3.01981e-14
1.50879e-12
3.4639e-14
2.05169e-13
2.04281e-14
9.54792e-15
0.113997
2.26859e-11
4.4843e-11
0.922672
1.06581e-14
1.54049e-10
4.34974e-07
2.88658e-15
0.964461
4.93845e-08
2.30926e-14
4.56102e-12
3.30585e-10
1.45239e-09
1.9984e-15
3.01759e-13
1.63203e-13
6.66134e-16
0.951801
0.206474
1.90958e-14
3.9968e-15
1.98797e-12
3.9968e-14
6.89867e-06
4.07256e-08
7.49119e-07
0.0376429
1.67234e-06
4.8539e-13
6.66134e-16
0.961256
6.66134e-16
2.79665e-08
3.4639e-13
4.27303e-12
1.55431e-15
0.969992
3.2685e-13
4.14697e-11
1.11022e-15
0.838976
3.86358e-14
0.967056
1.17684e-14
3.28133e-07
2.98248e-09
3.70814e-14
3.55271e-15
3.21609e-12
0.000167432
1.77636e-14
1.11297e-10
0.95096
2.86438e-14
5.81757e-14
0.851168
2.04459e-11
0.970389
1.33227e-15
1.41693e-09
0.00259191
3.47167e-12
2.77204e-09
1.33227e-15
5.32907e-15
5.10019e-09
0.966604
9.99929e-11
2.14428e-08
2.7771e-07
1.35064e-08
1.79856e-14
9.53762e-09
1.84047e-09
1.77636e-15
1.86903e-05
3.77476e-15
3.61631e-08
1.11022e-15
0.96042
1.68754e-14
1.51374e-11
6.66134e-16
0.585311
1.22125e-14
0.670921
5.10703e-15
4.78546e-05
0.963913
1.87708e-06
6.2832e-12
1.11022e-15
3.6652e-11
1.6318e-08
4.21419e-09
5.11591e-13
2.23917e-06
3.26032e-09
0.964502
2.95688e-08
7.52606e-06
1.01852e-11
8.52651e-14
5.85376e-12
1.42393e-11
1.55613e-05
0.970047
2.38455e-07
1.88889e-05
5.67852e-08
7.22178e-12
1.76081e-13
5.4079e-12
3.47038e-06
1.79325e-06
1.58429e-12
5.57561e-11
3.62698e-09
8.88178e-16
0.00048952
1.11022e-15
2.79416e-07
5.32907e-15
8.17241e-09
0.962891
0.904571
0.0171974
2.30926e-14
1.07376e-09
6.66134e-16
8.21565e-15
2.26944e-10
2.83729e-12
0.583691
0.963591
3.93907e-13
0.950696
6.64047e-12
6.62914e-12
6.92779e-14
8.21565e-15
4.01036e-05
1.33227e-15
0.000205102
2.66454e-15
8.67306e-13
3.78189e-07
1.39477e-11
2.55351e-14
7.77156e-15
7.10543e-15
1.9984e-15
1.8197e-06
0.0151446
6.56206e-11
4.22551e-13
1.9984e-15
8.88178e-16
1.9762e-14
1.82745e-11
0.0167184
1.58172e-06
0.933484
1.13838e-10
0.958736
5.31636e-07
1.36091e-11
6.66134e-16
0.00152478
8.70344e-07
4.17538e-09
7.68678e-11
1.28342e-13
1.77636e-15
7.79377e-14
7.79028e-11
3.26406e-14
0.962931
0.961189
3.84137e-14
2.25406e-05
1.33227e-15
3.55271e-15
0.961533
2.81701e-11
4.5663e-06
2.02949e-13
1.43219e-13
8.62272e-07
2.6279e-12
3.10862e-14
1.05469e-11
2.12624e-05
9.08172e-10
2.56187e-08
1.19376e-06
6.4837e-14
0.960915
6.70575e-14
1.39545e-10
1.09185e-06
0.970366
8.88178e-16
4.44755e-13
5.61773e-14
5.77316e-15
9.00864e-11
2.0357e-12
2.01994e-12
6.66134e-16
5.44009e-14
4.40417e-05
1.31006e-13
3.14232e-07
3.61333e-12
0.96754
1.9984e-15
7.24391e-05
3.17226e-10
1.31017e-10
8.61355e-12
1.59415e-11
6.38334e-12
0.951257
0.794455
3.77476e-15
1.71863e-13
0.967848
3.30856e-07
0.0356643
2.53737e-11
2.44249e-15
4.44534e-10
4.82884e-07
7.54952e-15
2.63646e-09
1.33227e-15
8.88178e-16
7.05804e-09
6.70575e-14
3.67217e-12
1.84222e-06
7.45803e-12
0.969687
1.11022e-15
3.11944e-10
0.960675
6.66134e-16
1.66055e-09
6.17284e-14
9.58915e-11
3.9968e-15
3.44835e-13
6.66134e-16
0.952095
2.88658e-15
5.32907e-15
3.77476e-15
8.43769e-15
1.06826e-12
1.02263e-11
0.0398816
2.88658e-14
0.00419289
2.48625e-05
1.70974e-14
6.77236e-13
3.37575e-05
1.00608e-12
7.06102e-14
1.94382e-10
1.22125e-13
5.64469e-05
2.53836e-05
7.08256e-12
0.904556
8.21092e-08
5.9952e-15
6.52411e-12
4.59429e-10
0.967846
2.91878e-12
2.01599e-08
1.9984e-14
1.61426e-13
3.77476e-15
2.88658e-15
1.11022e-15
5.53579e-12
3.10862e-15
4.6973e-05
1.74327e-12
1.18106e-12
1.44801e-05
1.11022e-15
8.4201e-08
0.000341707
2.32792e-12
8.43769e-15
7.59393e-14
6.96487e-11
1.65229e-08
5.11813e-13
0.00391921
1.17992e-10
2.02687e-07
1.11022e-15
4.11689e-06
6.15252e-06
4.21885e-15
6.77236e-14
4.59743e-12
0.00492399
1.33227e-15
3.55271e-15
3.6223e-09
5.79536e-14
2.48997e-06
4.86722e-13
1.9984e-15
5.55112e-15
1.85683e-11
0.890323
5.2458e-06
1.63897e-10
6.30897e-06
9.38176e-11
2.9819e-07
0.923541
5.90934e-11
1.2706e-06
0.0058013
1.57856e-07
6.57378e-07
0.956969
2.71607e-07
1.51239e-11
1.11022e-15
0.966527
1.11022e-15
3.55271e-15
0.968338
1.50372e-07
2.50688e-13
1.04676e-11
4.61631e-12
1.89072e-06
6.43929e-15
1.58378e-05
2.95319e-14
1.49658e-13
2.97516e-10
2.51959e-06
3.77476e-15
3.27886e-09
0.0720638
1.11022e-15
4.19626e-07
0.963974
0.963209
3.10862e-15
0.961991
1.8785e-13
2.79687e-12
1.08802e-13
0.969755
0.000238363
0.969778
7.94231e-12
3.01268e-11
1.55875e-13
8.9706e-14
6.48474e-08
4.66294e-15
4.06891e-05
2.66454e-15
6.64167e-08
4.54893e-06
0.000324395
1.34861e-10
9.03455e-08
6.43929e-15
1.78813e-12
0.967261
1.48817e-11
9.70639e-07
9.68689e-05
1.44263e-10
8.88178e-16
4.75667e-06
3.07088e-13
1.55431e-15
1.15045e-08
0.582933
1.82927e-09
3.08555e-11
1.04349e-08
4.66938e-12
4.44089e-15
4.61853e-13
8.88178e-16
6.43929e-15
4.17444e-14
6.66134e-16
4.70431e-10
1.22125e-14
1.9984e-15
2.13163e-14
1.28845e-08
1.29141e-12
1.55431e-15
9.84785e-06
4.40719e-09
0.00362178
0.000102166
1.55431e-15
2.82333e-10
7.10543e-15
5.99032e-12
3.21965e-14
2.12543e-05
9.68479e-11
0.000549542
3.68314e-11
2.64233e-14
0.000730857
1.68754e-14
7.99361e-15
5.17364e-14
3.55271e-15
6.66134e-16
5.31541e-05
4.80505e-13
7.87297e-11
5.90129e-08
6.66134e-16
9.52562e-11
0.850332
4.64007e-12
1.55431e-15
7.46365e-05
1.97498e-07
6.25691e-09
3.42709e-07
3.08109e-12
1.16874e-06
4.29463e-11
0.000132488
6.66134e-16
1.56501e-11
1.11022e-14
0.95643
1.11022e-15
1.31584e-12
3.77476e-15
1.15241e-13
3.81473e-13
1.1372e-10
4.20997e-13
9.05942e-14
3.5246e-11
4.99156e-13
5.35127e-14
4.36071e-11
2.21064e-09
1.84914e-11
3.10862e-15
3.46654e-09
1.40621e-12
3.84359e-13
1.01869e-07
1.75566e-11
1.9984e-15
6.21725e-15
5.77316e-15
0.968852
5.51519e-09
0.97036
1.33227e-14
2.4174e-12
4.0658e-09
1.11022e-15
0.000435034
7.10543e-15
7.97132e-06
0.00460323
9.73666e-13
0.356331
8.88178e-16
8.88178e-16
0.970216
3.10862e-15
4.44462e-06
5.9952e-15
2.64457e-06
6.66134e-16
8.99322e-05
0.95755
3.81068e-07
4.17444e-13
6.65843e-07
4.66294e-15
6.66134e-16
1.11544e-10
5.853e-07
4.97158e-13
3.42393e-13
6.90559e-14
0.531512
4.44089e-15
0.919824
3.61666e-12
0.00106013
3.74231e-10
0.000834015
6.96033e-10
3.19478e-06
2.59426e-05
4.21885e-15
1.53741e-06
2.37366e-13
0.340748
8.88178e-16
2.66454e-15
3.3052e-10
8.10907e-13
1.60822e-10
4.88498e-15
0.79671
7.61613e-14
0.968655
0.966897
7.53597e-12
4.57412e-14
2.82885e-13
3.9968e-15
0.000281171
0.000498159
8.88178e-16
0.963373
0.965599
2.44249e-15
1.11022e-15
1.62093e-14
0.0047001
3.26895e-10
0.96705
4.6711e-09
1.14333e-09
5.80763e-05
2.35622e-10
0.970196
3.76611e-07
9.1812e-05
9.73106e-05
3.66413e-06
3.8769e-13
2.20319e-11
8.52429e-13
1.27954e-10
0.000373665
2.71509e-10
0.0160522
1.43836e-11
1.02358e-11
3.39728e-14
5.37019e-11
9.5508e-12
6.66134e-16
3.57714e-13
3.9968e-15
1.03029e-13
0.000317395
0.96996
5.51337e-13
1.77636e-15
1.22569e-13
1.77636e-15
4.10783e-14
3.77302e-06
5.30686e-10
1.20748e-12
1.65298e-10
5.56236e-09
1.11022e-15
3.34526e-10
1.33227e-15
8.88178e-16
4.88498e-15
1.71607e-10
0.0117002
6.28386e-14
2.00985e-09
1.39557e-11
1.67044e-12
6.21725e-15
6.66134e-16
2.89738e-08
3.55751e-06
1.31999e-09
5.34897e-05
5.10703e-15
4.44089e-15
8.18298e-09
2.42594e-08
0.00506453
7.80856e-08
4.02513e-06
0.965761
0.968341
4.09228e-09
3.4147e-05
8.26672e-12
4.44089e-15
6.05294e-13
9.27044e-06
6.66134e-16
2.6171e-08
3.15303e-14
0.94178
1.84817e-05
5.43093e-10
5.77316e-15
0.696114
9.38476e-10
6.66134e-16
6.66134e-16
6.43396e-12
8.23569e-07
2.44249e-15
1.58625e-09
2.44249e-15
2.88658e-15
4.57412e-14
7.67606e-11
9.91784e-12
3.29736e-13
5.77316e-14
7.32747e-15
0.968403
6.66134e-16
2.58905e-07
1.74305e-13
5.1863e-12
7.84912e-11
5.32907e-15
3.62053e-11
1.05331e-11
8.40949e-09
3.77476e-14
0.689345
3.10862e-15
5.39904e-07
4.94895e-08
2.66454e-15
3.21565e-12
6.26397e-11
7.22533e-13
2.88658e-15
2.33147e-14
6.66134e-16
1.55431e-14
5.77316e-15
4.10783e-14
0.954595
5.04041e-14
0.000653172
0.970396
0.000235915
2.70682e-05
2.02212e-11
7.77156e-15
2.44249e-15
6.01619e-09
9.76996e-15
0.0145459
1.9487e-06
0.964853
1.04361e-14
3.10862e-15
2.04055e-11
3.72615e-11
0.970286
1.05671e-12
2.0134e-10
2.95097e-12
8.51477e-10
4.85612e-13
1.11022e-15
4.10601e-09
2.12127e-10
8.88178e-16
1.04058e-05
9.66849e-12
8.23785e-14
8.3711e-11
0.00314494
5.9952e-15
1.9984e-15
0.970219
2.00044e-10
0.969364
2.44249e-15
7.5791e-07
8.26006e-14
8.95284e-13
0.967853
1.02141e-14
0.000101282
1.3558e-12
0.00108164
7.71272e-12
1.9956e-11
4.4742e-13
0.0107432
0.968555
6.8867e-09
0.000185146
1.33227e-15
7.83817e-14
2.11732e-07
1.30118e-13
8.88178e-16
4.27081e-12
1.10356e-13
0.952438
6.11799e-12
1.74618e-06
1.69642e-13
0.961046
5.17342e-12
2.12053e-13
3.3529e-09
1.2057e-13
9.16132e-09
7.99361e-15
5.39106e-09
0.890929
0.000283381
1.26565e-14
8.69828e-05
5.21805e-14
2.22045e-15
1.55209e-12
3.10862e-15
1.57652e-12
2.95319e-13
3.1545e-11
1.11022e-15
1.9984e-15
3.3376e-05
0.00723864
3.33067e-15
1.92782e-08
3.56137e-12
2.19805e-09
2.63632e-07
1.33778e-06
8.88178e-16
5.44666e-08
3.19744e-14
0.680519
8.83738e-14
1.68867e-11
3.98663e-11
9.63771e-06
0.0310563
5.40155e-10
3.20854e-13
2.34257e-13
0.00211264
9.62194e-08
1.90244e-10
1.33449e-13
2.66454e-15
2.02061e-14
6.66134e-16
3.2685e-13
8.88178e-16
5.78391e-07
0.969264
1.55431e-15
2.96563e-12
2.85594e-12
0.970383
7.63453e-10
1.14489e-08
5.01821e-14
1.24345e-14
4.80468e-08
1.73195e-14
8.61746e-07
0.000730822
3.5083e-14
0.967393
6.47904e-12
1.11022e-15
8.88178e-16
2.77556e-14
6.74749e-12
0.969537
3.55271e-15
0.969842
2.44249e-15
3.9746e-14
8.3511e-13
1.77636e-15
5.12923e-14
2.18843e-08
1.06581e-14
6.65364e-08
2.44249e-15
6.66134e-16
2.59913e-07
2.25575e-12
7.11447e-08
2.22045e-15
1.75605e-09
3.33067e-15
2.21707e-10
3.77476e-15
6.66134e-16
0.961233
7.10543e-15
1.33227e-15
3.33067e-15
1.73688e-10
6.21725e-15
2.10942e-14
1.63647e-13
6.05738e-13
1.52744e-12
1.48359e-11
9.77706e-09
6.66134e-16
1.32313e-07
2.24265e-14
1.0969e-13
4.51581e-11
7.77156e-15
8.88178e-16
0.00185671
3.17524e-14
2.46709e-05
5.88418e-14
2.19824e-14
4.0834e-13
4.48249e-06
0.959263
4.88498e-15
2.46365e-07
1.37668e-13
1.53211e-14
3.81783e-06
0.970061
8.88178e-16
4.25792e-09
4.97313e-12
1.65464e-05
2.00881e-08
0.000154228
3.33067e-15
0.134515
8.88178e-16
2.19236e-11
1.46885e-11
6.55619e-09
6.66134e-16
8.39056e-08
6.55032e-14
1.48907e-06
2.92163e-05
4.04454e-12
9.39631e-07
7.39409e-14
3.94587e-06
0.000415782
1.48207e-08
2.75885e-10
9.00442e-06
0.956191
0.965378
1.31006e-14
2.39808e-13
7.54952e-15
5.64915e-06
2.79043e-12
1.52989e-13
5.10703e-15
8.13649e-08
2.4647e-14
1.04361e-14
2.99738e-12
1.07522e-06
6.24325e-11
0.168099
7.9492e-14
0.963237
1.9586e-10
5.45564e-13
5.77316e-15
4.41869e-14
7.43291e-10
7.48579e-11
4.48584e-08
1.04361e-14
2.01142e-05
7.01439e-13
1.26565e-13
8.88178e-16
0.000536667
0.899944
0.000300878
4.99376e-05
0.96978
6.66134e-16
1.11022e-15
0.931481
4.88498e-14
5.32927e-06
7.54952e-14
0.0160008
0.202651
8.88178e-16
1.32117e-13
1.74576e-06
0.963925
3.48166e-13
8.88178e-16
2.20934e-12
1.33227e-15
2.0465e-08
2.23734e-08
0.965536
0.970397
1.13911e-10
6.3749e-13
6.66134e-16
1.9984e-15
8.86762e-06
3.10862e-15
8.83738e-14
2.44249e-15
3.90828e-10
1.50102e-13
4.73938e-07
6.88338e-15
4.8761e-12
2.35401e-07
5.47409e-10
0.0151804
3.65756e-09
0.857819
2.04918e-05
3.37994e-09
1.11022e-15
0.207858
1.51879e-13
1.00364e-13
1.18539e-11
9.10383e-15
0.000567502
0.970388
2.58247e-11
5.59996e-13
1.38778e-13
1.51963e-11
1.05377e-10
3.14264e-06
0.968613
4.66294e-15
4.06736e-07
1.63611e-11
0.000699008
5.89276e-08
0.678733
4.69393e-10
0.970217
1.24589e-12
3.28964e-11
9.82732e-10
2.04947e-13
2.19824e-14
1.55431e-15
1.16052e-11
3.58111e-11
0.950102
1.33227e-15
1.05891e-11
0.000245716
8.88178e-15
3.73844e-09
1.33227e-14
5.07419e-07
1.69847e-06
1.27263e-10
8.88178e-16
0.968554
4.26161e-09
0.00403969
1.19904e-14
0.344136
4.95349e-05
3.55271e-15
0.966651
0.179462
1.88738e-14
0.960586
2.05169e-13
7.99361e-15
6.43707e-13
1.03917e-13
0.964111
2.90878e-14
1.27565e-11
4.98757e-12
5.15339e-06
1.55431e-15
0.000442371
1.98502e-07
1.08358e-13
1.05264e-08
3.61766e-10
9.01985e-10
0.000155806
1.57233e-08
1.47504e-11
4.4631e-14
5.51958e-12
6.17088e-09
0.00121032
8.88178e-16
9.79505e-12
4.21885e-15
2.83499e-06
6.36158e-13
2.20268e-13
2.14806e-12
1.55431e-15
2.60712e-05
4.57814e-09
2.72049e-12
5.45663e-08
1.60535e-07
5.10703e-15
0.965035
3.15649e-07
6.66134e-16
3.79624e-10
5.85088e-13
7.95218e-08
6.88338e-15
0.968358
7.92252e-06
0.967133
3.07993e-05
5.10703e-15
2.81997e-14
4.66294e-15
0.96978
7.99361e-15
5.57938e-05
0.958906
9.50351e-14
4.14033e-06
2.66454e-15
1.10134e-13
4.03099e-06
1.55431e-15
1.28164e-12
4.11449e-13
6.57252e-13
1.11022e-15
1.56319e-13
3.73035e-14
1.33227e-15
1.1426e-11
2.02754e-06
2.04597e-07
1.25453e-11
1.73861e-13
5.88837e-05
5.34346e-06
4.66294e-15
1.33227e-15
1.15463e-14
9.68123e-11
4.66294e-15
5.70436e-07
1.93844e-08
5.88418e-14
1.55431e-15
8.88178e-16
4.07969e-10
2.81997e-14
2.06515e-11
5.35976e-11
2.7689e-13
0.970299
1.53895e-05
0.000524983
6.52811e-14
3.40341e-11
1.13892e-06
1.03712e-08
3.16492e-09
3.55271e-15
0.967743
6.66134e-16
1.28593e-07
2.44249e-15
1.23235e-13
2.10498e-13
1.50329e-11
1.206e-06
3.44169e-13
8.88178e-16
1.01959e-06
3.30467e-09
6.85896e-13
4.55094e-11
0.00427657
1.90206e-10
0.966337
2.17984e-08
7.28084e-13
9.99201e-15
0.936627
3.97379e-10
3.33067e-15
1.39888e-13
0.00220881
1.11022e-15
2.68892e-10
2.37879e-11
8.65974e-15
8.88178e-16
2.88658e-15
7.21065e-05
0.96126
0.960701
3.49899e-07
2.11427e-05
2.60486e-10
0.969985
0.959658
8.23655e-10
2.73492e-12
1.70974e-14
3.76765e-12
3.55271e-15
9.02167e-13
3.65688e-08
1.07442e-07
1.77636e-15
0.969619
1.08802e-14
1.69331e-12
2.86438e-14
8.81295e-13
2.4813e-08
0.964222
6.90115e-13
3.33067e-15
7.32943e-05
1.9984e-15
6.66134e-16
1.21321e-11
0.932788
3.90735e-05
1.52887e-08
0.941016
5.04041e-14
2.22045e-15
1.59872e-14
1.55431e-15
2.11568e-07
2.16121e-10
4.88498e-15
3.63043e-13
1.2943e-12
4.05448e-09
1.13243e-14
5.05107e-12
6.66134e-16
1.20126e-13
6.66134e-15
1.34914e-10
0.000152348
4.55348e-05
2.06057e-13
1.11022e-15
3.80217e-05
0.95501
1.20728e-07
2.90701e-11
2.10818e-11
1.55431e-15
0.963442
4.29092e-09
4.76837e-09
1.45417e-12
2.72133e-11
1.44329e-14
0.00011483
3.10862e-15
5.9952e-15
2.59306e-05
3.46652e-09
6.66134e-16
1.56924e-08
0.000403648
1.73195e-14
0.966584
3.48357e-05
1.77636e-15
1.52856e-12
2.39808e-14
2.75335e-14
6.83897e-14
1.04361e-14
2.29364e-10
5.77316e-15
1.77636e-15
8.5234e-10
6.66134e-16
1.25433e-12
9.01607e-07
0.0325283
1.26121e-13
1.24345e-14
0.000895309
2.50222e-12
0.000114028
3.55271e-14
3.14193e-13
5.17364e-14
7.79496e-06
1.00142e-13
0.000305723
0.0101892
0.00637592
4.50751e-14
0.00317597
1.78169e-07
6.66134e-16
4.69595e-11
8.62746e-09
4.16302e-09
1.62093e-14
7.20524e-05
1.11022e-15
0.365672
1.4216e-11
0.961657
1.7052e-09
2.01056e-09
8.12652e-10
3.61726e-06
8.57932e-11
1.04361e-14
2.29191e-10
5.10703e-14
2.33147e-14
8.47463e-08
2.88658e-15
0.0204377
2.98519e-11
0.902128
4.17444e-14
2.8888e-13
0.000124943
0.00416815
8.73447e-09
0.001643
4.11116e-11
6.87006e-13
2.22045e-14
3.66263e-12
6.66134e-16
1.40745e-07
1.26565e-14
1.74605e-06
2.37588e-14
3.9635e-13
1.34341e-06
0.000433617
4.28546e-14
3.5083e-13
0.015107
2.05391e-12
1.36409e-09
0.000607143
5.23714e-12
6.66134e-16
1.30033e-07
3.33067e-15
4.64739e-13
5.69322e-13
6.5925e-13
5.52891e-14
3.10862e-15
5.05374e-13
2.37676e-05
1.79856e-14
3.33067e-15
3.54658e-08
2.66454e-15
1.55608e-07
2.35367e-14
0.970283
2.30926e-13
1.9984e-15
4.29212e-13
1.82079e-07
2.36922e-13
1.62603e-12
5.32907e-15
9.49006e-06
4.70446e-12
8.88178e-16
0.000620234
4.03763e-09
0.00113148
7.57172e-14
2.22045e-15
7.50511e-14
0.941995
1.02316e-09
1.25429e-05
8.88178e-16
1.65763e-10
9.10705e-08
4.28546e-14
3.33067e-15
1.18124e-06
3.9977e-07
4.90063e-09
4.08985e-08
1.75415e-14
0.969295
0.021432
1.90958e-14
1.53306e-07
0.887074
4.03663e-10
0.00137881
0.125678
8.85965e-07
1.59999e-06
0.000276598
0.951557
9.58567e-13
0.00021324
5.72986e-12
2.39398e-10
3.50994e-05
6.01075e-13
0.000806827
1.32339e-13
2.94875e-13
3.24918e-12
1.8809e-06
1.77636e-15
1.0556e-12
3.44298e-10
4.03895e-06
1.27454e-13
1.42997e-13
2.66454e-15
0.00471611
1.79856e-14
0.315366
8.88178e-16
1.64089e-11
2.66276e-12
1.55431e-15
3.19766e-12
3.43675e-08
1.61204e-13
0.969787
3.40861e-12
1.21434e-11
1.02141e-14
0.00691333
8.00737e-12
4.98629e-08
1.19904e-14
6.32307e-05
1.33227e-15
4.44089e-15
4.75175e-13
3.08217e-06
1.34575e-09
3.70814e-14
0.970232
1.24653e-10
5.406e-07
5.77316e-15
4.16112e-13
2.17399e-11
2.36255e-13
0.961434
5.68434e-14
1.11022e-15
3.01981e-14
0.000191188
4.45721e-11
2.33147e-14
2.10691e-10
3.82316e-12
6.53921e-13
0.00185123
4.33942e-12
1.02141e-13
7.03227e-10
0.969959
3.43532e-10
8.88178e-16
2.85576e-11
0.970258
1.06581e-13
4.79019e-07
2.22045e-15
2.04281e-14
6.44666e-09
3.52277e-10
0.894954
0.0231858
1.77636e-15
1.77636e-15
7.69791e-11
1.71907e-11
7.10543e-15
1.95177e-13
2.31288e-09
4.0606e-11
2.32925e-13
8.47009e-08
0.00280934
3.04201e-14
0.000718103
0.000192648
5.84043e-05
1.93117e-11
4.78063e-09
0.000141884
0.0143612
4.59632e-14
1.33227e-15
1.85019e-10
0.944895
0.967424
4.21885e-15
4.81043e-09
8.09596e-05
3.41172e-12
1.43317e-06
8.88178e-16
1.93978e-12
6.70198e-08
3.80351e-10
8.88178e-16
2.01327e-10
1.66089e-13
2.9976e-14
4.47632e-09
2.95696e-09
0.000146866
2.135e-10
7.66431e-12
1.99359e-08
3.53186e-08
0.00220553
8.88178e-16
2.66454e-15
1.33227e-15
0.969289
6.82395e-08
3.71657e-06
1.11022e-15
0.956764
8.23785e-14
1.11022e-15
1.46949e-12
3.46922e-12
0.00355701
0.963325
4.90941e-13
2.89286e-11
2.61683e-07
1.77636e-15
5.03791e-05
1.77636e-15
1.01208e-05
1.33227e-15
6.66134e-16
3.34939e-09
8.17638e-07
0.00198617
2.54697e-10
1.9984e-14
1.9984e-15
3.31868e-08
8.21565e-15
4.66294e-15
1.71268e-06
6.33794e-07
9.63733e-10
1.5819e-06
2.21057e-11
1.33715e-11
2.21334e-12
5.0715e-13
0.96661
1.81144e-11
6.66134e-16
0.953461
0.970278
5.31624e-05
0.96607
6.66134e-16
0.967461
2.01699e-11
1.11793e-11
0.000159532
1.57652e-14
8.98841e-11
2.22414e-10
1.02141e-14
4.22773e-13
4.13736e-12
6.48277e-05
2.22045e-15
2.66454e-15
1.12155e-12
8.50431e-14
1.33227e-15
8.88178e-16
1.27032e-12
9.10383e-15
1.13398e-12
1.33227e-15
6.68354e-14
2.57572e-13
5.34967e-06
7.62444e-05
3.38618e-13
1.56986e-13
1.57652e-14
0.077607
2.66454e-15
0.00620521
7.68887e-05
4.21885e-15
1.52545e-13
8.88178e-16
1.19016e-13
0.207493
5.5873e-07
0.949568
0.000209435
7.60248e-06
0.969768
5.10703e-15
3.96652e-08
3.97607e-05
0.970381
1.22125e-14
4.37963e-10
1.0939e-08
4.88498e-15
6.58567e-05
2.25157e-07
1.58702e-11
3.24984e-05
3.82783e-12
2.02061e-14
8.06022e-14
5.67509e-07
2.22045e-15
1.6116e-08
1.66381e-08
1.04408e-11
1.84272e-07
2.07212e-12
1.9793e-10
8.88178e-16
1.9984e-15
0.00107182
1.04361e-14
0.0196879
6.22693e-10
9.85382e-06
7.59393e-14
7.06573e-11
1.56097e-13
2.24138e-11
0.970368
0.000380258
3.78078e-10
7.2498e-07
1.10423e-08
0.00763279
1.77636e-15
6.66134e-16
9.99201e-14
1.77636e-15
2.03015e-12
3.56642e-06
1.33227e-15
1.95888e-12
4.42276e-08
2.59792e-14
2.22045e-15
0.794957
4.40852e-11
6.66134e-16
9.2477e-06
3.44202e-08
6.66134e-16
8.88178e-16
1.5042e-08
8.88178e-16
0.00318298
0.0142929
5.32907e-15
7.32747e-15
1.84297e-14
6.66134e-16
1.33227e-15
2.9754e-14
2.4567e-12
1.99333e-08
0.000797684
1.69754e-07
1.21458e-13
2.87825e-05
1.43215e-08
2.81108e-13
1.88378e-06
1.9984e-15
6.66134e-16
1.24345e-14
2.22045e-15
1.59295e-12
8.88178e-16
2.03053e-11
0.000414093
1.9865e-11
0.00307573
1.92281e-09
0.446581
5.19661e-06
1.07334e-11
2.94689e-05
1.05947e-10
5.75803e-09
4.93431e-06
0.966945
0.95637
1.15019e-13
2.16049e-13
5.39206e-06
4.57079e-12
0.000894535
0.899327
4.36117e-10
2.56731e-07
2.17604e-14
1.31501e-11
8.54872e-14
1.43967e-11
2.37588e-14
0.923943
2.33114e-06
6.64613e-06
1.33227e-15
8.25118e-13
9.74776e-13
8.88178e-16
0.968908
2.9865e-13
0.000575381
8.88178e-16
5.23448e-12
2.5407e-11
4.51719e-06
2.2159e-07
7.6444e-10
0.969323
6.66134e-16
2.11853e-12
0.000380331
2.27596e-13
6.66134e-16
4.59632e-14
1.88554e-10
8.88178e-16
1.00596e-05
5.9508e-14
7.53841e-11
1.55431e-15
4.66294e-15
0.965323
9.76996e-15
1.11022e-14
5.73352e-10
3.20722e-06
1.93179e-13
0.904468
0.969497
4.88498e-15
9.54451e-09
0.969792
4.32721e-12
1.23457e-13
6.66134e-16
0.000135745
0.0145328
0.0614905
2.28762e-08
6.39561e-09
6.66134e-16
9.81801e-09
0.00067217
1.22693e-11
8.89144e-05
4.67826e-12
5.46896e-13
0.151918
3.10764e-09
2.82454e-05
5.85798e-10
0.968517
1.26565e-14
2.05169e-13
8.21565e-15
1.69279e-08
7.54952e-14
3.40145e-10
6.91691e-12
8.33248e-07
6.66134e-16
5.57712e-08
1.9984e-15
6.03576e-08
4.8983e-13
1.55431e-15
0.000178486
5.61773e-14
6.66134e-16
7.77156e-14
7.25193e-05
0.946491
2.86438e-14
4.52971e-14
5.55112e-15
7.99361e-15
2.50931e-08
2.40076e-07
1.04361e-13
0.390893
4.23253e-06
0.969998
1.42508e-12
9.53378e-09
6.66134e-16
0.941401
1.11022e-15
8.86844e-11
8.88178e-16
2.20775e-10
3.10862e-15
3.03914e-05
2.15383e-14
2.55117e-07
6.66134e-16
1.41131e-07
2.05391e-13
2.62333e-09
3.99964e-10
0.000130447
2.31946e-08
6.66134e-16
2.59792e-14
1.05517e-08
9.91831e-11
4.65223e-07
1.11022e-15
8.39395e-12
1.05804e-12
4.84057e-14
6.74349e-13
1.94753e-05
0.82058
9.85434e-13
4.88498e-15
3.31846e-12
1.33227e-15
2.37588e-14
7.08101e-07
7.57714e-11
3.08397e-06
0.693047
3.02096e-08
1.64202e-12
1.62093e-13
1.11022e-15
0.968992
1.11022e-15
5.87413e-05
1.58411e-09
1.77636e-15
1.36221e-08
6.70887e-06
5.04263e-13
2.22045e-15
1.94862e-11
1.11194e-08
6.66134e-16
1.55431e-15
1.08512e-07
1.56458e-10
3.33538e-11
0.969763
4.04787e-13
3.74367e-13
1.21014e-13
1.64535e-13
1.16041e-12
2.82604e-09
0.209706
1.65683e-09
8.88178e-16
3.44293e-11
2.22045e-15
1.59497e-07
3.89726e-11
2.71677e-06
5.01008e-08
8.52525e-06
3.04726e-06
3.00293e-12
1.41022e-05
1.04361e-14
5.90319e-10
6.66134e-16
7.64566e-12
6.18572e-12
0.954151
2.44249e-15
1.49363e-10
0.000137152
0.790211
1.42726e-10
0.90525
8.88178e-16
1.25357e-06
2.89723e-05
1.77636e-15
0.111192
0.746439
8.51612e-09
2.93099e-14
1.0616e-12
1.77636e-15
1.55431e-15
0.0600628
5.5751e-12
6.82881e-07
2.55684e-12
2.56626e-08
0.946951
9.01665e-09
1.49425e-06
3.6438e-10
6.99882e-07
0.970274
0.518365
1.55431e-15
4.46638e-08
6.93179e-05
4.39648e-14
1.94278e-11
1.10205e-10
4.55191e-14
8.88178e-16
7.69293e-07
4.35019e-05
4.99008e-10
1.62537e-13
1.13971e-10
1.37177e-05
8.88178e-16
1.11022e-15
2.02285e-11
0.000607553
0.968782
1.09579e-12
1.73195e-14
1.41029e-08
1.59872e-14
2.00284e-13
2.29336e-08
6.53103e-07
0.929128
0.962709
6.66134e-16
0.889283
2.57832e-09
1.9984e-15
7.10543e-15
6.66134e-16
2.15457e-07
1.07238e-06
3.01603e-12
1.33227e-15
2.49429e-05
5.76724e-10
9.3417e-09
1.24345e-14
2.88658e-15
1.95786e-05
0.968336
1.36038e-05
2.30926e-14
7.10543e-15
0.0673409
2.81997e-14
4.21885e-15
1.26565e-14
2.69711e-11
2.17604e-13
6.66134e-16
1.61023e-09
1.37668e-14
2.2562e-11
6.66134e-16
1.77414e-13
8.88178e-16
7.62187e-06
1.04239e-05
4.52749e-13
8.35652e-08
5.94284e-10
0.0151774
0.466049
4.62432e-09
0.0431183
5.10703e-15
5.20883e-10
7.96208e-08
8.9484e-14
0.10677
4.13279e-05
4.585e-12
0.0443885
0.000424413
0.970149
1.38439e-06
4.44089e-15
5.63993e-14
7.15499e-11
4.87167e-06
2.75335e-14
1.67447e-10
6.66134e-16
1.2067e-07
1.99196e-12
1.03546e-09
5.10703e-15
5.9952e-15
1.30562e-13
7.66054e-14
9.3616e-05
6.29274e-13
5.59379e-05
0.00364545
6.66134e-16
3.6608e-07
1.20215e-12
6.11086e-10
0.000265025
5.95479e-12
0.422506
3.98348e-13
1.11022e-15
8.21827e-11
5.19584e-14
0.0140848
1.65331e-09
0.196461
7.10543e-14
0.0936857
0.0003242
2.81997e-14
3.97088e-07
5.61773e-14
1.3109e-10
0.956088
5.08149e-12
1.9215e-10
0.00616246
7.92906e-11
2.34035e-13
4.02745e-08
2.32887e-05
0.964858
5.89402e-11
0.0190186
5.30687e-14
0.00213005
4.75597e-12
2.32909e-10
1.11022e-15
4.9863e-09
6.7984e-08
7.26546e-08
3.33067e-15
4.46583e-08
2.22045e-15
1.12292e-05
2.66454e-15
4.80876e-06
2.24709e-13
1.9984e-14
4.96292e-12
2.1938e-12
0.459412
0.000550276
8.65086e-13
1.67513e-08
3.78552e-05
1.42109e-13
7.30189e-07
6.66134e-15
0.00496785
7.83817e-13
6.25532e-10
5.10703e-15
0.818526
8.46212e-13
4.77702e-11
6.18634e-09
7.30435e-05
1.64091e-13
1.57652e-14
3.77476e-14
0.95749
3.75333e-09
1.11022e-15
7.70495e-14
6.66134e-16
7.25019e-10
2.15383e-14
8.08309e-12
0.00778056
6.21412e-10
3.86136e-13
4.66294e-15
1.49234e-10
7.36795e-05
1.52979e-06
0.00275133
4.47198e-13
4.61919e-12
2.22045e-15
9.99201e-15
8.40144e-10
0.00342958
9.01501e-14
8.43769e-15
3.01367e-06
8.43769e-15
2.12115e-10
1.55431e-15
1.34371e-10
5.9952e-15
2.3946e-07
0.966986
1.11022e-15
5.77316e-15
1.11022e-15
3.77476e-15
3.1084e-12
3.00382e-12
6.66134e-16
6.19504e-14
2.03393e-13
2.85238e-12
8.49076e-12
2.86217e-10
5.05256e-07
0.961784
0.000234148
4.0676e-09
3.76152e-10
1.77716e-09
2.40608e-11
5.6361e-05
0.00094315
0.968934
8.88178e-15
0.000118955
1.23901e-13
8.88178e-16
0.00310563
6.89315e-12
2.44249e-15
0.100698
0.964253
4.8307e-10
0.961894
3.01981e-14
3.55271e-15
0.000622668
9.42035e-07
1.57346e-07
0.855939
0.009563
0.96835
6.80394e-06
4.35437e-08
8.75716e-08
9.99201e-15
1.56466e-05
7.10543e-15
5.28414e-09
4.39943e-07
0.941658
7.24392e-08
0.267814
9.85878e-14
2.06346e-12
1.77636e-14
3.31909e-10
4.89564e-12
1.24801e-07
1.09512e-12
0.969383
3.10862e-15
1.11022e-15
4.58893e-11
5.75396e-08
2.55653e-06
3.9968e-15
8.88178e-16
7.33488e-09
0.966905
5.75421e-09
1.14755e-10
1.16363e-06
3.34873e-09
2.4869e-14
6.01941e-11
8.50472e-09
1.08802e-14
0.0956571
1.55431e-15
0.0845433
1.61204e-13
7.2493e-07
0.939439
2.73337e-13
2.1452e-11
3.43769e-12
0.0295805
9.19145e-11
1.77636e-15
0.00407472
0.970263
4.74415e-09
2.01839e-13
2.12097e-12
3.77028e-09
1.70974e-13
2.68674e-14
9.37074e-05
0.948188
2.88209e-11
9.73279e-10
6.51594e-07
3.15303e-14
1.85579e-09
1.24355e-10
2.98707e-06
6.43929e-15
0.725633
1.86517e-14
1.42109e-14
0.967873
1.56986e-13
0.000682559
0.968087
6.66134e-16
2.38476e-13
5.31131e-13
3.85716e-11
3.77476e-15
6.66134e-16
1.60802e-11
8.12908e-10
5.15143e-14
0.968511
2.28706e-14
1.79856e-14
5.9952e-15
2.08905e-05
1.22476e-06
2.62013e-14
2.0261e-06
3.09579e-06
3.99986e-05
1.11022e-15
1.55431e-15
4.68482e-08
7.99361e-15
1.06581e-14
6.37013e-11
0.000637586
7.89147e-13
5.03375e-13
1.21635e-06
0.000937344
3.04575e-07
1.60758e-07
1.64324e-11
1.63869e-13
2.17238e-08
2.73873e-05
0.000102798
1.23457e-13
0.934956
8.88178e-16
1.28786e-14
3.43281e-13
3.97287e-05
1.24345e-13
7.28306e-14
6.88338e-15
5.08482e-14
5.2937e-11
0.0575883
7.77156e-14
6.35048e-14
1.7871e-05
0.000276823
3.20632e-13
1.03319e-10
0.96547
3.17929e-06
6.66134e-16
0.968965
0.967148
1.35447e-14
6.90559e-14
2.15383e-14
8.90833e-07
5.18464e-05
9.99201e-15
2.02255e-10
3.9968e-15
8.88178e-16
9.32587e-15
0.96812
6.66134e-16
8.88178e-16
3.53829e-07
0.970088
1.55431e-15
6.51545e-12
0.0180729
0.000240923
0.970389
1.49158e-09
5.16109e-10
7.19691e-12
1.08092e-07
6.14653e-11
4.47641e-09
2.44249e-15
0.00115553
1.39575e-11
1.48903e-12
8.88178e-15
7.99361e-15
3.09614e-07
0.141025
5.56311e-12
4.06928e-07
0.765612
0.000106531
8.53207e-05
2.84481e-07
2.36465e-07
9.15152e-11
3.18946e-08
1.81271e-11
0.95001
8.12366e-07
6.56664e-06
4.22776e-07
0.970063
2.89051e-05
1.51177e-09
7.53619e-13
1.77636e-15
0.0154607
4.88498e-15
4.72783e-05
2.29188e-07
0.00708483
0.000571048
8.88178e-16
5.70686e-05
6.66134e-16
0.000936174
6.66134e-16
1.74373e-05
6.48832e-10
0.968791
5.9952e-15
0.000118071
1.11022e-15
0.970325
4.03467e-09
6.40559e-08
1.04805e-13
8.26006e-14
0.127826
7.10543e-15
4.01457e-13
0.000307259
0.000404296
7.32747e-15
2.88658e-14
2.02061e-14
0.963868
5.86198e-14
6.82652e-07
9.832e-10
0.00106241
6.66134e-16
1.55831e-12
2.33147e-14
0.0195341
0.609454
9.76996e-15
1.21842e-08
0.722521
0.0039986
1.1704e-12
1.2741e-10
3.72597e-10
0.888036
0.0111884
1.21458e-13
6.66134e-16
1.05296e-09
6.66134e-16
5.73845e-06
2.86438e-14
2.08017e-05
8.65974e-15
7.50222e-11
1.46549e-14
0.702254
1.94842e-08
1.4122e-13
1.55431e-14
1.81943e-12
0.104994
1.37488e-09
3.62015e-11
2.67718e-05
4.06728e-05
4.98373e-09
2.16332e-07
2.08722e-14
1.55431e-15
5.53313e-11
0.967547
3.90799e-13
1.69198e-13
1.35756e-07
1.70974e-13
1.11022e-15
2.88658e-15
0.0070323
1.26876e-12
0.0178095
0.907709
0.000212902
1.37002e-12
7.36122e-12
1.79856e-14
1.13243e-14
6.07263e-11
2.15237e-09
2.15383e-14
8.43769e-15
0.00848494
1.9984e-15
0.924991
1.78835e-09
4.88176e-09
5.9508e-14
2.68674e-14
2.35365e-05
0.000592805
3.37288e-10
6.71707e-12
6.66134e-16
8.9484e-14
0.00184121
8.88178e-16
6.94661e-08
3.1184e-10
3.14438e-08
8.88178e-16
3.0257e-05
8.88178e-16
1.06614e-07
6.66134e-16
1.49658e-13
1.1513e-10
4.23217e-13
0.00023771
7.4829e-14
7.46332e-06
0.000461756
3.01781e-12
0.00182039
0.000119627
2.66454e-15
5.28777e-12
0.000343526
5.5494e-05
1.11022e-15
2.02655e-10
0.964218
0.0360526
2.34923e-13
7.08766e-12
2.54956e-11
2.28706e-14
4.60083e-05
6.01297e-13
1.11022e-15
3.00782e-12
4.44089e-14
1.77636e-15
0.296243
0.81357
0.946128
0.287824
5.20401e-10
7.04539e-09
6.99512e-06
5.44812e-08
4.20601e-11
8.26006e-14
0.000623182
1.11022e-15
7.10543e-15
1.25108e-06
1.54321e-13
2.4598e-09
9.15067e-08
3.60534e-12
0.946508
3.9968e-14
0.00107796
4.97622e-05
1.11868e-07
6.66134e-16
1.94796e-09
1.62093e-14
0.00170083
3.35287e-14
4.15301e-11
4.21796e-09
1.33871e-12
5.77316e-15
1.84511e-06
2.22711e-13
2.23694e-11
0.000400726
1.54043e-07
8.68927e-12
0.969877
0.000967273
0.949327
8.88178e-16
9.22714e-08
8.99865e-11
1.77636e-15
2.93135e-10
1.08136e-13
5.9508e-14
3.26406e-14
6.66134e-15
4.11017e-07
1.47669e-07
3.53504e-06
3.2321e-10
2.13163e-14
3.94453e-09
1.3769e-12
2.14728e-05
0.958462
1.38704e-06
5.29871e-09
1.29217e-11
5.88862e-13
0.959001
5.4672e-07
6.21725e-15
0.00261027
0.528459
4.27547e-12
0.965399
0.0117984
5.92678e-09
4.88498e-15
2.72764e-10
1.45195e-12
0.970367
2.88658e-15
0.0188549
4.31271e-11
0.0999014
1.11022e-15
0.000154486
1.41806e-06
6.47417e-07
0.00773438
0.968809
3.10862e-15
1.75415e-14
1.67011e-07
3.79962e-06
9.68927e-08
0.000925094
1.41874e-09
0.969715
3.74634e-12
0.00670024
