0.975423
5.19649e-09
1.06581e-14
2.43228e-12
4.0265e-07
5.92859e-14
1.13845e-06
6.82147e-08
2.12941e-12
1.57193e-09
6.25112e-10
0.000151899
6.32016e-07
3.08941e-06
3.65065e-08
7.98743e-11
1.44751e-11
1.09084e-11
4.50437e-11
6.96265e-12
5.30687e-14
3.70427e-09
5.41879e-09
8.94396e-13
3.06422e-14
2.00775e-08
2.02505e-12
2.32508e-06
0.0297334
1.96199e-12
0.978836
5.77316e-15
7.17048e-08
3.31046e-09
1.62093e-14
0.979623
0.0003245
1.63869e-13
1.62169e-09
3.91851e-10
4.83991e-12
5.59108e-13
0.000469507
1.24671e-09
2.49358e-09
6.88782e-13
1.99396e-13
1.20525e-08
0.975194
7.54952e-15
4.954e-06
1.11211e-08
1.05324e-05
4.61853e-13
7.4829e-14
2.4647e-14
1.58007e-12
0.977451
0.000162923
2.67963e-12
6.33666e-09
3.2679e-06
3.91243e-12
1.63801e-06
3.65257e-11
1.17684e-13
4.19664e-14
6.88094e-12
2.50422e-12
7.30127e-05
1.13243e-14
0.966329
2.1205e-11
7.33126e-08
3.15384e-06
0.966694
5.66214e-14
4.78506e-13
5.24242e-05
9.19823e-10
1.24345e-14
0.97703
2.64512e-10
3.53717e-12
7.61324e-08
8.62643e-13
1.14524e-11
2.8022e-13
3.01622e-10
2.15383e-13
5.37965e-08
9.42557e-12
1.76525e-13
4.66294e-15
2.87769e-07
1.53317e-05
1.24798e-09
2.59205e-07
3.2041e-13
0.000445556
2.51021e-12
4.04327e-07
3.01808e-05
0.972946
1.23457e-13
1.9699e-07
1.93557e-07
1.48205e-07
9.73518e-05
0.960871
1.02762e-10
3.95239e-14
2.25266e-09
0.000892892
2.38938e-11
4.05395e-09
3.75433e-12
3.86815e-09
5.40679e-12
0.00035272
1.34421e-10
5.84026e-07
7.77156e-15
0.0378116
8.04039e-11
1.3467e-12
2.1489e-11
5.87005e-06
2.47642e-07
2.02025e-07
1.39888e-13
2.18914e-12
1.19682e-13
0.948824
0.976308
1.15426e-09
1.73195e-14
3.48345e-08
0.000282876
0.00152038
3.37853e-08
0.000113925
3.89091e-09
5.55112e-14
1.02141e-14
7.76379e-12
3.67907e-08
3.87542e-08
1.46549e-14
3.13007e-07
1.87184e-13
1.90958e-13
0.000465015
0.00667755
2.86491e-06
0.979855
5.7833e-09
6.27251e-07
8.54721e-08
3.20211e-12
0.979867
4.2578e-06
2.97122e-05
1.56959e-11
0.905853
0.969998
1.2339e-12
3.54681e-11
2.30993e-12
0.974465
9.55486e-06
7.99361e-15
0.00033296
0.00033346
9.99201e-15
3.35709e-10
1.31672e-12
1.86495e-12
3.09664e-08
6.83897e-14
1.17155e-06
4.16588e-07
1.3535e-07
1.35898e-11
1.33967e-09
1.10416e-06
2.03482e-12
0.979452
2.76661e-07
0.979987
2.71633e-07
7.8122e-12
2.2459e-10
1.50125e-07
0.000312522
1.29097e-09
9.38361e-13
7.9265e-05
4.79638e-08
0.000129233
2.80038e-11
0.00107393
5.49361e-12
3.13227e-09
3.16726e-05
6.44311e-10
1.52544e-10
3.92804e-11
4.08115e-09
4.77978e-08
8.37229e-09
1.74177e-10
8.01869e-07
2.67564e-13
0.951303
3.95239e-14
1.62848e-10
1.46895e-06
1.60679e-10
1.08797e-11
2.70894e-14
7.48027e-05
5.35261e-05
4.991e-07
0.979632
0.00182117
1.39686e-06
0.975585
1.41378e-08
0.000402991
4.15707e-09
0.980048
2.08722e-14
2.31668e-10
2.10388e-09
1.49458e-11
3.60378e-13
5.57332e-14
6.22737e-11
1.77777e-07
3.71061e-06
3.42043e-08
7.06211e-08
9.81006e-08
0.2265
0.979938
2.697e-11
1.17185e-09
2.64233e-14
8.46597e-09
6.13436e-06
1.02141e-14
7.5846e-12
9.88098e-13
1.05139e-06
0.000370576
1.57812e-11
9.35591e-06
8.08131e-12
3.11911e-08
8.22897e-13
7.79377e-14
1.09337e-11
0.977926
1.07289e-06
2.38801e-06
0.92972
0.0110191
2.88503e-11
4.92435e-11
8.19345e-14
1.85244e-08
4.24746e-05
0.978423
0.977503
3.74964e-10
2.44693e-13
5.30149e-09
1.69055e-09
1.3824e-09
7.19198e-11
0.973138
7.23865e-14
6.22529e-11
2.61604e-06
1.57652e-14
5.55112e-15
1.53699e-12
1.96111e-08
0.0229652
2.13476e-08
1.28495e-08
1.09725e-06
0.00572269
0.947188
1.41286e-09
3.64153e-14
2.19748e-08
1.02089e-10
7.79377e-14
5.72209e-13
7.02164e-08
0.978584
0.00363109
6.18264e-07
4.68735e-08
4.28546e-14
1.47778e-09
0.000351539
2.02061e-13
5.61018e-12
3.3826e-05
3.27358e-11
1.52473e-10
1.81855e-13
0.972977
0.95232
2.69772e-06
0.0132986
2.81929e-05
1.78746e-13
2.60036e-09
2.8433e-10
0.976565
1.57652e-14
0.972285
5.42697e-08
6.12044e-12
0.980013
4.55191e-13
4.32321e-13
6.02185e-13
4.16325e-10
3.33067e-15
1.36322e-06
1.45765e-05
1.01563e-07
4.37428e-14
1.48401e-11
2.46447e-12
1.18035e-05
1.61204e-13
3.95535e-07
6.0044e-06
2.52752e-07
2.63457e-08
4.89463e-09
2.9985e-05
6.9722e-14
1.86522e-07
2.01661e-12
1.73793e-08
4.88498e-15
1.46549e-14
1.11419e-10
1.72155e-07
6.14595e-11
9.04729e-07
1.20696e-07
6.26481e-09
3.99547e-12
2.63712e-05
3.99062e-07
6.73905e-13
1.22569e-13
9.2526e-13
4.73843e-13
3.62599e-13
2.1941e-05
1.4127e-05
2.79776e-14
5.94391e-12
3.98271e-05
4.19111e-08
3.8279e-09
1.41287e-12
0.956475
0.000441212
3.6926e-13
0.971561
1.1724e-13
8.63754e-14
4.90235e-07
7.91811e-13
2.44638e-09
3.00472e-07
0.000105293
5.61773e-14
6.08891e-12
6.45086e-10
8.35383e-06
7.77622e-12
3.79117e-11
6.12843e-14
5.6722e-05
3.75753e-11
5.97522e-13
1.21148e-05
7.06546e-12
1.86517e-14
1.19904e-14
1.38956e-12
2.3835e-06
4.57006e-11
0.965824
8.58656e-07
0.971483
2.18573e-09
0.976528
9.64258e-10
5.4845e-14
3.53051e-14
3.39837e-09
0.969613
1.00978e-09
2.35088e-09
9.7623e-07
2.83328e-05
3.72813e-13
0.917624
1.82094e-09
3.68562e-09
6.91498e-05
1.90958e-13
2.04731e-06
3.55225e-05
2.78374e-06
1.19458e-09
0.979475
0.97834
5.54623e-12
0.972952
1.98508e-12
1.21464e-07
1.4096e-07
3.33067e-14
2.11324e-07
2.04281e-14
5.04042e-05
6.43796e-12
4.88148e-07
0.00028811
8.73155e-11
0.000402326
8.2756e-13
1.82831e-10
2.70006e-13
1.06344e-08
5.16935e-11
5.55912e-10
2.19824e-14
1.14429e-08
1.80762e-09
6.06433e-10
2.92436e-10
0.974904
3.80806e-12
5.35127e-14
0.0433068
7.32747e-15
0.000339733
1.82229e-08
7.12356e-10
1.16357e-06
8.80447e-10
4.17244e-12
1.1073e-10
9.34608e-12
1.01918e-13
1.83125e-07
0.918318
5.20704e-07
2.27164e-08
2.1027e-07
6.55032e-14
3.33067e-15
0.978479
4.34236e-07
8.46079e-05
0.000401044
0.97715
2.07234e-07
6.48442e-08
5.27063e-08
4.19534e-08
3.33067e-15
3.77702e-11
7.43849e-14
8.17518e-10
2.01981e-11
1.83646e-11
0.000404274
7.57119e-09
1.83003e-11
3.33067e-15
6.27773e-09
7.22245e-06
9.47937e-06
1.82077e-14
3.07761e-08
1.10036e-05
4.02726e-08
1.63956e-06
0.980098
1.09968e-11
5.60141e-06
3.68111e-09
8.94618e-13
2.6612e-11
2.6499e-06
2.76406e-06
3.33067e-15
1.67918e-06
2.69984e-12
4.07341e-12
4.95315e-12
5.11223e-06
3.16924e-12
4.83169e-13
7.54952e-15
2.89561e-10
1.68984e-10
6.41187e-11
0.958572
2.67564e-12
4.21885e-15
3.33067e-15
2.14893e-11
9.81091e-11
2.24265e-14
0.738249
1.47952e-07
1.74238e-12
2.44693e-13
0.980049
0.968067
1.90432e-05
6.73173e-12
1.42861e-10
2.31698e-10
0.00115598
0.00202195
2.65787e-13
2.10942e-14
0.00014648
0.000467301
0.000272144
3.13523e-11
4.95826e-13
5.18845e-11
2.54927e-06
7.11486e-10
6.1574e-10
2.33813e-13
1.52989e-13
3.31595e-06
0.970214
3.55271e-15
0.0369168
1.39581e-08
4.67932e-08
1.26565e-14
1.75006e-07
3.56664e-09
9.52376e-10
1.75477e-11
6.68798e-13
5.17775e-07
0.979832
3.20201e-10
1.22125e-14
1.90641e-09
8.02469e-13
9.0461e-13
0.000111011
3.66798e-05
0.978914
2.72208e-10
0.00026603
0.979283
8.12342e-07
1.32476e-05
1.25899e-13
2.81644e-10
5.50671e-14
1.19113e-08
1.38987e-11
1.52585e-08
7.10021e-11
1.63699e-09
3.05572e-06
5.30812e-10
8.68031e-10
1.75388e-08
4.35207e-14
1.6498e-09
5.8008e-08
4.78773e-12
1.24345e-14
1.39e-13
7.63611e-12
3.57362e-08
7.01661e-14
2.34479e-13
1.4877e-14
0.979636
1.81344e-12
3.50572e-05
1.10508e-06
8.92619e-14
1.35699e-09
1.06026e-12
1.06724e-05
9.54792e-15
3.99008e-09
3.55271e-15
7.80842e-12
3.70056e-08
5.14611e-12
1.0239e-07
1.42177e-10
0.980078
1.83227e-06
5.70211e-13
8.91338e-06
8.71022e-06
8.90399e-14
0.980003
6.90099e-10
0.000310056
1.7808e-13
2.10678e-09
1.97162e-07
2.15482e-10
2.54102e-05
1.31478e-08
3.52804e-11
9.41025e-13
3.87415e-11
0.000361059
2.5284e-05
1.55431e-14
0.0132031
2.37961e-10
2.49291e-08
7.62621e-09
1.9334e-08
3.43896e-07
0.00675077
3.31362e-10
1.94185e-07
3.17301e-07
1.03612e-07
1.14801e-07
2.30926e-14
0.000108301
9.93534e-06
1.77636e-13
1.49493e-06
3.03979e-12
9.72755e-12
2.04281e-14
9.36362e-12
1.88962e-05
1.04361e-14
6.09481e-07
9.84102e-13
1.88072e-13
0.974881
1.18487e-07
0.977298
6.11356e-06
0.000169915
1.26565e-14
8.24108e-09
2.57425e-05
9.901e-09
7.72715e-14
1.42711e-05
0.888858
7.77101e-09
2.99835e-08
0.120881
0.00412244
2.79776e-14
1.65074e-10
2.0551e-07
0.980119
0.979729
2.43956e-08
0.979843
3.27202e-05
4.88498e-15
9.73223e-06
2.03462e-05
0.0234576
1.02141e-14
4.59885e-06
6.69909e-13
3.2603e-11
7.65124e-09
8.85048e-09
2.68282e-09
0.00045834
2.932e-06
5.32907e-13
0.597009
0.979424
0.979585
1.0098e-06
0.000291001
9.14486e-10
1.8655e-08
0.940874
1.31565e-08
1.47993e-12
1.5099e-14
4.44067e-12
8.65974e-15
2.20352e-10
2.5959e-07
3.32083e-06
7.74492e-13
7.32747e-15
4.94271e-13
8.00942e-08
4.40359e-12
4.41665e-08
4.18497e-05
1.36626e-06
2.3027e-06
0.00733826
2.5091e-14
6.73239e-12
4.80926e-12
1.70149e-08
2.72071e-12
0.0343372
5.02641e-10
0.00136964
2.68674e-13
3.14881e-12
0.000108436
6.49991e-12
2.00029e-09
2.98184e-11
0.979981
1.60094e-13
1.93179e-13
2.2516e-11
1.48437e-12
2.20572e-07
5.30465e-12
1.45374e-08
0.00525749
1.46305e-12
2.68674e-14
6.65194e-05
2.87925e-08
1.78294e-08
6.90688e-08
5.85935e-07
1.76602e-08
3.10862e-15
0.000594632
2.11808e-12
6.52451e-09
1.37642e-08
2.53597e-12
4.86278e-14
9.37983e-06
1.74105e-12
7.34516e-07
0.951191
6.06758e-08
1.10262e-08
4.32432e-12
3.86044e-05
9.64091e-11
5.66724e-12
6.92211e-05
9.29994e-08
4.03033e-12
1.10011e-06
8.06635e-08
5.12923e-14
6.64802e-13
3.26704e-06
2.34942e-09
3.4639e-14
2.81997e-14
1.63425e-13
1.37598e-09
4.91526e-05
1.12155e-12
1.11893e-11
7.65377e-08
1.90958e-14
2.13163e-14
8.07492e-09
1.62381e-12
0.000175295
0.00168161
1.07068e-06
0.000204737
4.17444e-14
7.10543e-15
4.98046e-13
8.06089e-12
0.949785
1.43933e-08
1.95432e-09
1.57652e-14
5.7076e-06
1.63431e-08
2.49923e-05
4.11173e-10
1.94376e-06
1.24575e-07
5.55112e-15
3.30873e-07
6.81208e-07
9.64384e-12
4.76816e-08
7.68274e-14
1.00355e-06
1.15216e-10
7.88159e-06
3.12341e-09
0.967526
9.90671e-06
0.000752345
1.48346e-06
0.976092
2.88607e-07
1.40334e-11
3.6045e-10
1.12179e-11
0.95702
1.15463e-14
3.16156e-10
1.05165e-10
5.85296e-10
1.47482e-10
3.44058e-12
0.00286387
3.93348e-06
5.20487e-06
5.63503e-07
1.10878e-11
5.04676e-09
9.02345e-12
6.06599e-05
0.000158991
0.976378
1.88738e-14
3.05891e-10
4.66294e-15
3.66374e-13
0.980163
6.57877e-09
0.000385525
7.01168e-09
2.06586e-06
4.56783e-11
7.95123e-06
7.65395e-10
1.36028e-07
3.00915e-12
3.71835e-06
5.20791e-05
0.00975658
0.977756
5.94957e-10
1.62825e-09
0.978855
0.977156
4.83751e-11
8.54836e-09
0.00025301
5.34614e-07
0.00522142
7.80062e-09
1.78035e-12
7.84064e-10
3.9968e-15
1.28547e-06
8.28146e-07
1.21325e-12
0.974737
3.89479e-08
5.02078e-08
4.32987e-14
0.978966
3.33067e-15
1.9984e-14
1.03102e-06
1.52549e-06
2.06288e-11
1.48778e-08
0.000323909
9.23706e-14
0.979357
3.4861e-14
1.39888e-14
3.45723e-13
1.7572e-05
0.000360277
1.73195e-14
6.67488e-12
4.78706e-10
5.50778e-10
0.97629
3.33067e-15
3.09746e-10
7.50547e-06
7.06708e-09
5.74989e-05
1.59626e-09
7.18647e-12
7.0731e-06
3.48629e-08
0.331427
9.34808e-14
7.50612e-10
1.38042e-07
0.000107944
1.40195e-11
7.58251e-10
3.34888e-11
4.53149e-12
7.96643e-11
4.73429e-08
1.17462e-13
6.04498e-10
1.90092e-06
6.83723e-09
2.8302e-05
9.41913e-13
0.980145
0.0153458
1.18874e-09
3.84137e-14
6.43929e-15
2.61346e-13
1.17758e-05
7.30527e-14
2.23263e-08
4.21885e-15
1.15907e-13
1.2469e-10
2.32302e-09
1.56883e-08
1.38112e-13
9.90319e-14
1.37579e-12
4.24105e-13
6.15064e-14
2.8805e-06
8.19226e-06
1.71849e-10
3.61375e-07
2.01328e-12
2.74232e-09
5.58564e-11
8.04401e-12
5.936e-09
6.56158e-09
1.13756e-05
0.956078
3.15876e-07
1.89915e-12
7.04619e-11
0.000213209
1.17262e-12
8.83562e-08
0.978941
7.75824e-13
2.84883e-13
4.48221e-08
9.47686e-13
3.96659e-08
4.85843e-09
0.00101328
7.46056e-09
2.85697e-05
8.5309e-06
6.13262e-08
7.36922e-12
3.62155e-13
4.1832e-10
5.43457e-09
2.12448e-05
1.16041e-08
5.71765e-13
1.00808e-13
8.59979e-13
1.48921e-07
2.3122e-10
2.75113e-13
7.8909e-07
1.49268e-05
0.979276
1.78525e-06
1.78065e-10
1.20553e-10
5.73769e-06
5.33238e-10
9.28146e-14
6.95634e-10
7.14984e-14
2.66326e-09
5.31619e-12
0.976549
0.977995
3.71259e-13
7.79155e-13
2.10104e-07
1.06581e-14
2.21556e-12
2.28483e-07
1.80427e-06
1.08371e-10
7.71303e-10
2.69309e-11
5.98477e-12
6.87872e-11
0.000197588
2.58875e-09
9.80395e-08
1.22835e-12
0.0082242
0.00045447
4.01972e-06
0.859919
2.4869e-14
0.00265216
1.81885e-08
4.12808e-10
8.19989e-12
3.46289e-10
3.25924e-09
5.25495e-09
4.59489e-08
0.827392
6.2732e-12
1.97073e-06
1.7702e-10
1.04861e-11
4.42073e-09
1.50546e-13
3.13862e-09
3.37308e-12
2.9472e-06
1.64568e-09
0.00224868
4.3578e-11
0.97134
5.71809e-12
7.30327e-12
7.42356e-10
1.30784e-13
1.17684e-14
2.26652e-07
7.64113e-08
1.64313e-14
0.966975
0.00015758
4.75436e-05
4.37272e-12
0.976824
3.07763e-11
6.2967e-09
1.40202e-09
5.2013e-09
1.15463e-14
1.23679e-13
3.70148e-13
8.99643e-06
4.74953e-13
2.90937e-06
1.287e-10
5.71426e-09
1.81668e-05
4.64784e-12
9.79534e-05
2.16716e-13
1.31183e-09
2.00512e-10
6.2339e-12
1.56319e-13
0.000243977
7.54221e-06
0.978817
3.33067e-15
9.99201e-15
5.83711e-12
2.27277e-07
1.9018e-08
0.979712
8.41613e-08
0.832644
1.58781e-07
6.26721e-08
3.10862e-15
2.18714e-13
4.5482e-09
3.50618e-09
4.31981e-06
2.31875e-05
5.7665e-13
2.60009e-09
3.04247e-09
3.99658e-12
0.979746
1.14886e-12
6.69722e-06
1.04036e-06
0.979992
2.64233e-14
2.55129e-13
1.95667e-10
0.000363309
5.41789e-14
4.91502e-11
3.76488e-06
3.73368e-12
9.10383e-15
0.979512
8.49742e-12
3.16991e-06
1.04583e-13
4.91842e-06
4.57412e-14
9.49592e-05
1.26965e-12
1.91489e-06
4.24067e-11
1.33227e-14
7.35443e-11
4.66294e-15
2.61036e-12
2.14939e-13
1.91241e-10
1.11995e-08
7.48118e-10
1.7526e-12
7.70106e-10
1.81956e-10
7.88047e-08
2.44753e-07
1.53211e-14
5.92637e-13
7.53182e-10
1.91375e-10
2.73115e-14
5.21849e-12
0.977307
0.00186827
2.1812e-05
9.25632e-06
1.11089e-09
2.81635e-10
1.83228e-10
0.976635
3.3479e-09
1.99364e-09
0.963949
6.95199e-12
3.40195e-12
0.000104534
1.10578e-13
7.74936e-14
7.03038e-07
3.46758e-09
2.99635e-09
0.154
7.39435e-07
5.4623e-14
1.60845e-05
7.10543e-15
3.58836e-09
1.47755e-11
0.963582
1.89848e-13
4.35859e-07
2.52687e-13
6.04639e-09
8.14737e-06
2.97323e-07
1.36113e-13
9.31344e-12
2.73115e-14
3.13112e-06
4.07917e-06
4.00616e-08
5.26913e-06
2.51365e-07
8.04547e-10
4.14849e-10
5.51522e-09
4.80302e-11
3.62789e-06
1.07506e-09
3.07484e-10
1.59561e-11
7.20982e-08
1.19393e-12
9.76996e-15
2.36033e-13
4.42313e-13
1.73759e-09
1.08239e-07
5.98923e-11
1.7106e-09
2.63486e-10
1.8954e-09
1.75377e-09
1.15019e-13
3.67484e-13
0.972826
8.18861e-07
1.76241e-10
3.14602e-09
3.38331e-09
9.20509e-06
5.08704e-13
4.99278e-07
0.769524
0.000661822
1.13392e-05
7.27312e-09
1.37668e-14
4.36096e-13
0.00032682
4.32321e-11
6.28581e-05
4.48115e-09
0.00017838
0.000198967
4.21885e-15
1.02176e-11
3.71404e-05
1.48965e-11
1.32605e-12
8.76696e-11
7.52576e-12
8.85958e-14
1.22399e-07
6.34872e-09
2.00568e-09
1.93961e-06
0.977558
9.11937e-10
1.08802e-14
2.10914e-11
6.66134e-14
1.57969e-11
1.81335e-11
2.93131e-07
6.05072e-13
4.17888e-12
1.42178e-09
6.0425e-12
6.18718e-07
3.02425e-13
9.25484e-06
6.87656e-09
1.337e-07
0.170282
3.37171e-06
4.82647e-09
1.10356e-13
3.53919e-06
1.03443e-05
0.977843
0.978999
7.15805e-12
3.22083e-07
5.16843e-09
6.49987e-11
7.49689e-12
2.96612e-11
0.980048
8.7616e-07
7.39409e-14
3.12271e-06
2.20002e-12
2.71712e-07
3.49778e-10
8.60348e-05
0.0156771
1.8163e-05
1.55431e-13
5.77316e-15
7.4961e-06
1.05498e-10
0.970031
3.80518e-12
4.58367e-12
2.05613e-13
1.52978e-10
9.75104e-11
4.21885e-15
3.13083e-14
1.57585e-12
2.55628e-07
2.65432e-12
0.978835
3.15259e-12
2.16269e-07
3.26406e-14
8.91731e-13
6.72795e-14
5.51695e-10
9.08829e-13
0.00059516
1.29953e-10
9.00935e-06
0.00128423
3.03961e-11
1.69002e-10
1.87562e-06
0.979581
4.90177e-07
5.03472e-09
1.09688e-11
1.08188e-10
6.08847e-06
4.44089e-15
4.55191e-14
1.60094e-13
4.07454e-08
2.58584e-06
5.01821e-14
6.22835e-12
0.874798
8.18785e-09
1.04433e-07
9.3122e-09
1.93179e-14
0.000326761
0.000169705
6.75726e-12
9.07796e-11
7.14277e-07
1.91771e-09
7.34607e-05
2.98292e-10
1.32472e-09
0.976883
8.55405e-08
3.40067e-06
4.94738e-12
2.47619e-09
1.34781e-12
1.31305e-08
1.3995e-05
1.63625e-12
3.3413e-06
1.21895e-06
1.85597e-07
0.000556517
0.979745
1.84297e-14
1.58055e-08
0.960104
2.76273e-10
3.22617e-11
3.33067e-15
0.00685376
1.62094e-10
3.13215e-10
2.09154e-10
6.11227e-11
1.25955e-11
5.16898e-05
7.57891e-08
8.60363e-08
1.59238e-09
0.979786
0.000930812
1.88467e-08
3.71851e-11
0.00158693
4.66294e-14
7.29154e-10
1.55249e-10
3.08642e-13
7.06102e-14
4.54659e-06
0.978732
1.35374e-11
3.4136e-10
4.12376e-07
0.977642
1.81889e-06
7.50098e-06
2.64621e-05
1.19258e-05
9.61497e-08
1.40776e-13
4.51528e-12
1.91588e-09
4.8539e-13
1.20712e-06
1.72439e-06
3.10862e-15
9.08162e-14
2.69863e-06
1.43219e-13
6.40652e-10
1.05384e-06
2.83025e-09
4.54544e-10
3.9968e-15
2.39808e-14
5.499e-05
5.14814e-10
0.972841
5.24913e-08
1.17074e-07
0.972277
1.04361e-14
3.80682e-10
3.9968e-15
0.979631
3.24185e-14
1.45923e-10
9.38019e-11
3.82406e-06
1.12382e-06
4.20568e-11
4.57328e-11
0.95679
1.11919e-07
7.16725e-08
9.31051e-09
0.801237
1.05076e-07
5.12085e-08
3.55271e-15
4.96838e-09
4.63081e-06
7.17947e-05
0.00082693
1.45247e-09
5.72178e-07
1.81087e-06
5.35127e-14
1.37668e-14
4.65594e-11
1.13576e-12
7.40075e-13
7.39409e-14
1.23554e-06
5.19049e-08
1.07292e-05
4.2849e-08
6.75626e-08
0.948801
8.09581e-10
2.22105e-11
3.2891e-05
3.27471e-12
4.29301e-12
0.979684
3.85754e-11
0.231219
2.64784e-09
7.11309e-07
5.11557e-06
7.99361e-15
8.4599e-14
4.48672e-08
6.69353e-12
3.1608e-12
3.69467e-11
1.08505e-07
9.50129e-13
1.9762e-14
1.95162e-05
5.42677e-13
1.29937e-07
5.45453e-08
2.68155e-06
0.000116885
0.972339
8.41122e-07
2.4345e-12
4.4853e-13
4.39515e-12
7.06575e-08
5.71083e-05
1.21232e-05
1.02253e-10
3.50542e-12
5.90862e-10
0.979066
1.56541e-13
0.970726
9.28257e-06
3.39728e-14
6.69909e-13
0.980009
0.969771
6.62847e-06
1.06743e-10
1.15242e-08
1.06857e-05
2.96446e-08
2.66054e-12
3.94462e-12
3.81915e-07
0.980071
9.10383e-14
2.61569e-13
7.38742e-12
2.42833e-06
7.25644e-10
4.53402e-11
7.52861e-05
1.11022e-14
0.980097
1.57888e-06
9.59253e-07
3.10862e-15
1.17882e-06
1.06604e-07
5.11369e-13
4.05339e-08
1.79503e-06
2.56906e-13
3.56899e-11
5.87617e-09
2.4764e-08
3.14144e-05
2.99389e-10
8.15779e-09
8.92193e-08
1.13243e-14
7.31679e-11
0.977768
9.07052e-13
4.44339e-06
6.56277e-06
5.32907e-15
2.59148e-11
8.97948e-13
3.80481e-08
3.70068e-05
1.91668e-07
3.11009e-11
2.76135e-12
2.28466e-07
4.82973e-10
1.02141e-14
0.979106
0.00166154
0.000149831
0.000103294
0.977282
9.76996e-15
2.05134e-11
4.09516e-10
1.61213e-11
6.21725e-15
1.72825e-10
2.9976e-14
9.6545e-13
3.39437e-11
1.42489e-10
1.05301e-05
1.2427e-06
1.39888e-14
7.65286e-07
1.12592e-07
2.55351e-14
0.977331
1.43454e-06
7.08988e-13
5.18173e-06
3.33067e-15
0.000331323
3.4204e-09
7.35506e-07
1.07108e-10
2.02505e-13
0.000971563
0.000725113
1.13013e-05
1.10893e-09
1.05629e-07
0.975461
6.57157e-11
8.9256e-10
0.979267
7.27169e-08
2.57572e-14
1.7919e-13
2.76539e-08
7.86834e-07
2.66342e-07
6.00259e-05
1.00935e-11
8.09601e-08
2.40551e-08
7.96233e-10
0.978573
0.826676
7.31193e-13
2.64233e-14
0.978389
1.22815e-06
1.61961e-07
1.08131e-09
3.96128e-13
3.14844e-09
1.53433e-13
2.87947e-09
1.77636e-13
1.29452e-12
1.21427e-06
1.43258e-09
3.23963e-13
4.66494e-09
1.16531e-11
6.43929e-15
2.39808e-14
5.9952e-15
2.84246e-09
1.73263e-08
0.975421
0.957847
1.67961e-11
0.944588
0.88323
2.97002e-11
0.000172919
1.04505e-11
0.000109583
5.10703e-15
3.2887e-12
5.00076e-11
1.18581e-08
4.79616e-14
0.0032322
4.15223e-14
8.45523e-07
7.08321e-09
2.98308e-11
4.92939e-14
0.000492638
8.56962e-05
2.69096e-07
5.23025e-06
2.87418e-06
1.97801e-06
2.28042e-05
5.47429e-12
2.33411e-07
6.63753e-06
2.41818e-06
3.60227e-10
8.26062e-07
2.80878e-05
1.71479e-05
1.343e-07
1.32598e-05
4.41869e-14
0.000686854
5.7258e-05
4.18953e-10
2.6354e-05
2.22489e-09
3.06545e-05
2.59914e-11
4.14335e-13
4.70735e-14
5.52634e-08
1.43124e-07
0.00366025
8.12683e-14
5.41232e-06
1.16011e-09
0.980124
1.35447e-14
0.000162185
2.92988e-12
0.970839
3.93019e-14
2.30965e-10
5.23667e-10
9.25704e-13
1.05809e-09
3.27651e-11
0.00012326
1.66971e-11
2.25464e-12
7.54952e-15
7.07067e-08
0.000300523
2.85936e-11
6.03465e-06
1.66422e-12
9.30899e-07
1.73839e-12
1.90514e-13
4.10916e-11
1.06934e-07
0.980138
0.979199
4.7341e-09
2.5021e-08
3.10862e-15
2.498e-13
3.77476e-15
7.72421e-06
4.21652e-06
2.10821e-07
3.59721e-11
8.14904e-14
0.960857
0.000236943
2.21156e-13
3.16591e-12
7.31354e-05
9.94171e-11
1.634e-10
0.880262
3.71617e-10
3.33067e-15
6.61189e-08
3.9968e-15
1.48441e-10
4.18785e-11
2.30575e-10
3.93019e-14
0.970216
2.35802e-06
1.51894e-11
4.4853e-13
1.60986e-07
3.90799e-14
4.28188e-06
0.000145067
4.66516e-13
0.000575607
4.15294e-11
1.45853e-10
0.979834
2.66178e-10
4.76299e-07
1.84473e-09
0.000207054
5.49431e-08
3.37096e-05
1.0797e-07
0.000200858
4.07767e-07
2.60145e-06
1.3507e-12
1.65559e-07
0.000977377
0.00205396
3.16515e-06
1.64779e-12
9.26801e-10
8.75946e-11
4.18711e-08
7.6672e-13
5.26872e-08
4.50138e-09
5.20128e-10
1.42136e-05
2.37588e-14
4.11696e-10
0.000828822
3.53022e-06
4.82636e-12
9.61683e-10
1.1459e-09
1.02585e-13
6.83555e-10
2.9865e-12
0.968483
7.75626e-10
1.8212e-09
2.12987e-10
1.79497e-09
2.80124e-05
0.00166323
7.08761e-07
1.15463e-14
4.13225e-13
1.89077e-07
0.000143693
2.05169e-13
3.77476e-15
0.000113138
1.35447e-14
4.9225e-07
1.50254e-07
2.99376e-06
1.07806e-05
4.80949e-12
8.75837e-06
4.92083e-10
0.000117872
0.974694
4.76741e-11
3.35888e-08
1.9106e-06
3.73035e-14
0.000170762
2.55967e-05
3.40851e-05
1.1231e-12
1.06581e-14
1.42841e-12
2.45585e-05
1.13243e-13
1.29265e-11
2.72037e-09
1.1702e-10
1.12501e-06
2.53618e-06
6.1684e-13
1.65306e-05
1.17728e-09
2.6926e-09
1.04361e-14
1.35709e-07
2.78505e-08
1.59109e-06
1.52167e-11
8.96362e-05
5.13403e-11
5.7141e-12
3.59712e-14
8.51656e-09
3.1636e-11
9.57828e-06
0.979453
3.76233e-10
8.95533e-09
2.31527e-08
2.41318e-12
3.68372e-12
0.000176321
1.74499e-09
0.977712
1.16405e-11
1.56986e-13
1.44551e-13
1.53211e-14
2.02552e-05
5.18629e-06
4.3501e-07
4.9738e-14
1.56088e-10
2.30247e-11
8.94396e-13
0.000103991
1.18146e-05
0.979993
1.23523e-12
2.48503e-08
1.7184e-12
1.23058e-06
3.23811e-06
8.23785e-14
3.8779e-08
6.4837e-14
2.66234e-08
0.0527921
5.412e-06
3.76876e-05
0.000381134
0.974967
1.35891e-13
1.67524e-11
2.18694e-07
0.922438
2.70109e-10
5.50044e-07
1.36625e-08
3.68634e-10
1.99017e-10
2.5281e-07
3.40678e-06
2.95597e-07
2.29595e-05
8.27966e-06
4.24327e-13
8.12239e-13
0.970745
6.45239e-12
8.6261e-07
2.2559e-07
1.32162e-10
2.65585e-05
3.7903e-13
1.58715e-11
6.21725e-15
5.39568e-14
0.000145433
5.56707e-10
5.49448e-06
1.93845e-12
0.976278
8.18911e-08
3.50092e-07
1.17401e-10
0.000175198
6.3298e-06
0.768604
6.84747e-06
4.31439e-06
1.01235e-09
0.000707876
3.16535e-10
0.973767
6.63852e-10
6.83547e-11
2.78253e-11
0.843718
4.4853e-14
1.65365e-07
2.18015e-09
4.57097e-11
0.976386
1.8547e-07
1.91512e-08
1.0103e-13
1.82487e-09
2.06449e-06
2.56239e-13
8.34518e-10
1.21306e-06
7.03881e-14
1.50644e-05
0.9739
3.6926e-13
3.33067e-15
2.60747e-12
2.07908e-08
3.59712e-13
3.57083e-09
2.0205e-09
4.33457e-07
0.036434
1.11224e-07
2.9976e-14
9.13158e-11
1.61393e-09
2.65435e-09
1.52702e-07
4.58078e-13
2.5091e-14
5.67915e-05
1.45069e-09
6.83409e-12
6.19824e-09
3.22392e-10
4.35654e-05
2.64415e-08
9.43279e-11
2.63061e-11
0.000601921
6.17716e-10
0.979423
7.42721e-05
2.44473e-06
5.18114e-06
0.00140721
5.12267e-07
0.00014098
8.88178e-15
1.22087e-06
1.65538e-09
4.77879e-10
0.972358
1.85972e-06
1.55027e-07
3.33813e-09
3.77476e-15
4.52927e-12
2.06926e-11
5.77316e-14
1.17532e-10
2.39359e-09
6.41146e-07
0.948789
3.76366e-13
8.30743e-10
1.93179e-14
0.979839
1.46964e-09
1.62981e-13
0.00026537
2.12787e-07
2.53131e-14
3.73712e-11
2.88536e-05
5.99388e-07
2.21205e-11
1.74135e-10
9.25394e-10
2.05934e-06
0.0284938
8.84882e-08
1.29453e-08
2.8442e-10
1.1926e-07
7.17204e-14
1.76834e-05
9.91254e-08
1.46543e-10
5.75096e-14
4.22448e-07
2.86113e-11
4.41047e-12
8.79297e-14
3.81867e-07
3.43253e-07
1.00209e-12
0.000491136
4.4554e-08
6.63913e-14
6.45663e-05
1.96001e-06
7.44407e-10
0.948865
5.9952e-15
5.18479e-07
9.65908e-10
0.00137061
0.000289051
0.000213062
5.10703e-15
4.03817e-11
0.00058938
1.60882e-08
2.14953e-05
1.40592e-10
0.979245
0.0219916
1.88717e-08
0.000943991
2.26261e-07
4.62801e-06
7.54952e-14
2.29727e-12
6.4504e-13
6.14087e-11
5.94562e-11
6.43707e-13
0.964053
4.01433e-06
7.77156e-15
1.8923e-08
6.23146e-12
8.94464e-08
4.81906e-09
0.955912
5.76237e-08
1.1724e-13
3.73257e-13
4.83848e-10
1.29824e-05
8.45422e-09
1.95165e-09
0.902207
4.47864e-13
4.44089e-15
1.77534e-11
1.87091e-07
5.05997e-11
3.73099e-06
6.17841e-05
4.59632e-14
3.98592e-08
2.24768e-06
9.1352e-09
3.55271e-15
4.15223e-14
4.08487e-11
9.74776e-14
1.44879e-10
2.16813e-08
5.63993e-14
1.86517e-13
4.56718e-10
9.05942e-14
1.27323e-06
3.43904e-10
1.95319e-05
2.02828e-09
1.93166e-07
0.000123862
2.00455e-11
2.73337e-13
2.70505e-07
8.96144e-09
1.19393e-12
7.4114e-12
1.36252e-07
4.66294e-15
2.14115e-11
4.40402e-07
0.000122015
3.10401e-07
1.91706e-08
8.25118e-13
1.96417e-09
2.72538e-12
2.83107e-13
7.38239e-08
2.09345e-07
1.41319e-05
4.09345e-05
5.18229e-08
4.43261e-11
2.8297e-08
3.9968e-13
1.38147e-11
8.15915e-08
1.76193e-07
7.35092e-09
0.980077
3.29116e-07
0.965007
5.94335e-07
0.979857
1.54798e-09
5.63638e-12
1.42495e-08
0.97958
1.65111e-10
5.38458e-13
1.84965e-11
6.83098e-12
2.89327e-09
4.98845e-12
6.94e-12
1.69642e-13
7.34295e-09
1.28786e-14
0.96958
1.40151e-09
3.02283e-10
7.63986e-10
1.84186e-11
2.7237e-06
4.62097e-12
5.74132e-05
7.58396e-07
7.79038e-06
2.30933e-06
0.97945
8.92964e-07
4.93299e-09
1.0595e-08
0.000409297
2.56154e-10
4.74742e-11
3.53051e-13
2.56009e-11
7.99361e-15
0.000250464
0.584989
0.9732
2.30638e-12
3.9968e-15
4.81567e-05
1.05873e-07
0.980072
5.75898e-06
0.000742101
2.72802e-07
1.75904e-12
9.6545e-13
1.90958e-14
1.09912e-13
0.00127431
8.28373e-11
8.04695e-09
1.07953e-07
0.66398
5.10703e-15
4.1816e-10
1.58835e-07
1.13309e-11
1.81138e-08
8.88178e-15
6.73707e-09
0.979114
5.76324e-05
3.09685e-05
6.57252e-14
0.970019
1.80168e-07
7.01661e-13
4.86278e-14
4.44979e-08
0.970865
1.57747e-07
2.94843e-10
1.64339e-08
9.24927e-06
1.02141e-14
2.91806e-08
0.979558
4.51195e-13
2.18458e-07
0.581217
1.12577e-12
1.05574e-05
8.43303e-12
2.92499e-12
3.65326e-08
0.000146049
1.33185e-09
1.16662e-12
5.3535e-13
4.65171e-05
1.08557e-06
8.57758e-12
1.21216e-09
7.08322e-14
4.65769e-08
9.32921e-08
1.74955e-09
9.54792e-15
3.05445e-10
0.0002121
0.971178
1.13598e-12
1.19682e-13
3.31134e-09
0.000132295
5.87788e-06
4.73355e-10
0.975994
4.19859e-06
1.02796e-05
8.21565e-15
9.32365e-13
0.000236037
1.09601e-12
3.19744e-14
2.83125e-09
4.34097e-13
1.2521e-07
4.28546e-14
8.51097e-13
6.17284e-14
2.65026e-08
3.10489e-05
2.59986e-06
3.45896e-06
6.62581e-13
2.38394e-05
5.53713e-11
0.000177076
0.000474407
9.10383e-15
0.976951
1.09135e-08
2.44693e-13
0.00735691
1.45452e-08
1.26565e-14
0.00145567
0.00030708
6.47946e-07
4.88875e-07
8.7419e-13
1.24789e-13
1.67137e-09
4.78737e-07
1.0441e-10
3.47817e-07
5.12213e-09
0.0001144
8.12785e-11
7.08411e-12
6.68665e-12
5.90861e-13
9.55895e-11
2.07805e-11
0.840039
5.04041e-14
0.0139373
0.00269217
3.21076e-13
1.1717e-07
1.89455e-11
3.42936e-08
1.78145e-06
9.25013e-11
4.24978e-05
1.47563e-05
1.79856e-14
6.62933e-09
4.44089e-15
2.07556e-11
3.17362e-09
2.53642e-08
6.99302e-08
3.11369e-07
6.78887e-06
6.32605e-12
1.86186e-06
3.53237e-10
1.82116e-10
0.00373613
4.49538e-10
1.06724e-06
0.0010292
8.94862e-12
0.961547
1.6345e-08
3.18168e-07
7.02082e-09
5.07772e-10
4.47853e-05
4.89497e-12
5.07673e-07
0.965806
6.56963e-09
3.15303e-14
1.0176e-07
2.5795e-06
3.72549e-08
1.42242e-12
6.0109e-05
1.22125e-14
1.01594e-06
1.32672e-12
3.52487e-06
1.00542e-12
4.06541e-12
5.85954e-12
2.67322e-11
2.34842e-08
4.73247e-05
1.75637e-13
0.970213
2.14468e-05
1.53433e-13
9.97507e-07
8.39329e-14
7.37699e-12
5.52039e-09
2.53028e-07
4.44089e-15
0.000589849
2.17759e-10
2.21867e-09
0.862523
2.42125e-08
1.03354e-10
1.64665e-09
3.00558e-10
7.70812e-08
3.70481e-12
1.77414e-13
3.43059e-13
1.26565e-14
4.74249e-07
4.92445e-10
4.1752e-07
0.00234667
3.88226e-10
1.55431e-07
2.00506e-13
2.33531e-05
1.15956e-11
1.47654e-06
0.00259416
9.16087e-11
8.87471e-07
2.61977e-10
6.02407e-13
2.08582e-07
0.00010801
7.61391e-13
0.894638
2.4086e-05
2.48446e-12
5.5196e-07
1.44329e-14
2.19099e-09
1.07558e-12
2.19325e-08
2.5311e-08
0.979983
8.43769e-15
3.33067e-14
9.78322e-11
0.00109171
1.3394e-09
1.94759e-07
3.49254e-12
7.68274e-14
3.83087e-07
4.84901e-10
5.53676e-08
0.0005897
5.28653e-11
0.0603288
0.977675
0.980042
3.27738e-13
1.11147e-08
1.75669e-05
7.0011e-09
1.89218e-11
1.95399e-14
0.000235523
7.58441e-05
2.42029e-14
8.77896e-05
3.99877e-10
3.21965e-14
0.974679
2.26485e-14
4.91448e-10
1.2093e-05
2.87659e-09
8.0776e-05
1.391e-06
6.46754e-07
3.84896e-06
4.35178e-10
4.59414e-10
4.58538e-08
4.86657e-06
0.000108682
1.62559e-09
7.44937e-12
0.00532202
6.43485e-13
2.1437e-09
2.00329e-12
3.67673e-08
0.826983
4.95071e-12
5.27067e-12
4.20762e-10
3.23212e-10
1.11199e-09
8.54197e-07
3.22625e-06
3.64153e-14
2.75735e-12
5.81757e-14
5.55112e-15
2.68572e-10
8.38763e-08
1.41764e-06
0.97969
5.54109e-08
4.28546e-14
0.0151314
5.34023e-10
2.63654e-10
5.92971e-07
3.30545e-07
8.69919e-09
7.83533e-09
1.78957e-06
8.34888e-14
1.18362e-05
2.01617e-13
0.00291315
1.83537e-10
7.21645e-14
1.02962e-05
2.59792e-13
3.33765e-10
1.0194e-07
0.00131611
2.37588e-14
2.44249e-14
0.895907
0.644822
1.94209e-07
1.33874e-10
3.25844e-09
6.37853e-08
1.12577e-13
8.57092e-14
0.00263317
1.93179e-14
6.92113e-13
5.33755e-06
0.946253
0.979909
0.906914
2.23217e-11
0.000480157
1.11888e-12
0.000102208
7.16528e-10
0.959748
2.43082e-05
9.54792e-15
2.20934e-13
7.806e-08
1.47809e-10
7.65967e-11
2.40215e-11
4.7923e-07
2.35589e-13
3.77476e-15
1.65092e-09
1.06913e-07
1.52456e-12
0.000698347
1.15753e-06
1.12202e-07
1.57652e-14
5.27948e-08
3.82975e-09
0.979465
0.000215354
6.18082e-05
3.62247e-07
3.55271e-15
0.97783
2.39808e-07
1.78746e-13
4.66247e-09
1.05558e-06
1.38537e-05
6.71385e-09
8.21565e-15
3.74625e-07
4.19713e-09
2.22064e-07
9.0295e-08
4.8807e-10
1.17446e-09
2.11059e-06
7.86222e-08
2.91696e-07
9.84324e-13
3.90657e-07
1.82077e-14
2.00634e-10
1.55484e-08
5.95382e-06
3.81835e-11
1.82031e-09
4.49128e-07
1.01119e-11
2.7803e-09
0.0539697
1.88101e-07
2.77556e-14
5.90656e-06
5.63624e-07
0.950797
6.83675e-13
1.92426e-05
0.000178967
3.33067e-15
1.38127e-06
1.62637e-08
0.0014415
0.000207345
3.94174e-11
2.54299e-07
3.56118e-06
8.43769e-15
3.3507e-10
4.06342e-13
2.4647e-14
9.526e-11
0.000296282
2.31325e-10
0.980104
0.000123378
3.77476e-15
4.24105e-14
3.85616e-09
0.0619321
1.73165e-05
4.02228e-09
3.44631e-08
4.06564e-09
0.500404
0.93585
1.0461e-09
1.1068e-09
1.41103e-11
3.92974e-06
1.34007e-10
3.25577e-11
1.22058e-12
1.49606e-10
0.000694164
3.53978e-06
1.52485e-11
2.66567e-07
0.000139825
0.000493659
7.19098e-07
8.28298e-08
3.17033e-08
2.41751e-09
3.67997e-08
1.76925e-10
0.019719
0.977579
0.000371453
3.38308e-06
4.66294e-15
1.22276e-05
1.01675e-08
2.17604e-14
1.54088e-07
0.890762
3.25318e-12
2.4962e-05
2.54071e-07
5.18501e-07
0.112528
2.00039e-07
4.41189e-07
3.33067e-15
2.2867e-11
4.21885e-15
0.0297868
1.13848e-05
1.1522e-06
1.55929e-11
1.06827e-06
7.32031e-09
2.44134e-11
5.83079e-09
2.8789e-07
1.76548e-12
4.83098e-08
4.5678e-07
2.47358e-13
5.5816e-11
0.949792
0.000187442
3.89486e-07
2.17132e-07
0.977433
1.70405e-07
1.01272e-07
0.0247456
9.646e-05
4.06088e-07
1.30828e-08
4.47593e-11
5.93328e-07
6.13013e-09
0.00036712
7.77156e-15
1.72765e-07
4.44089e-15
3.35496e-06
3.38667e-07
1.21333e-05
7.73358e-07
0.978544
6.55999e-07
0.978746
1.77636e-14
1.42142e-07
5.9952e-15
6.1394e-06
8.75339e-09
3.22698e-10
5.19362e-13
0.979915
0.437713
4.44089e-15
1.59456e-07
0.075372
1.75659e-12
5.17923e-06
2.71219e-10
1.27631e-10
4.63233e-09
1.13141e-11
5.22617e-06
4.2899e-13
5.4501e-07
0.979657
6.37779e-12
0.000133923
5.278e-13
2.2603e-11
4.83302e-09
0.978749
4.16617e-06
6.08328e-08
3.96772e-12
1.94263e-07
2.505e-11
0.000137653
9.62916e-07
0.000202193
7.36078e-12
6.33691e-09
2.12275e-13
8.97366e-10
1.48075e-08
5.19891e-09
7.64505e-10
6.98857e-11
6.44684e-12
1.4877e-14
2.27661e-06
1.39357e-08
1.60073e-06
6.3527e-13
2.31437e-12
0.000515439
8.34758e-06
4.63636e-11
0.120809
8.43769e-15
1.62026e-10
1.4756e-05
1.39e-13
5.24758e-08
7.15783e-11
2.22932e-07
1.9984e-14
1.65266e-05
2.79776e-14
2.59209e-08
0.980101
3.17055e-10
3.46403e-11
2.75596e-10
3.77918e-05
1.59981e-11
9.76146e-05
1.9787e-06
2.18694e-07
0.000209373
3.66671e-05
7.72715e-14
1.98966e-09
0.0011787
0.0029616
1.06581e-14
1.21683e-09
7.11925e-10
0.000263776
9.72e-12
1.49964e-09
8.34874e-08
2.77418e-11
3.78119e-08
0.964302
4.68514e-14
9.42084e-11
4.9456e-10
3.16858e-13
0.236118
0.299476
2.70255e-06
0.959997
3.80091e-07
0.975691
5.92967e-08
1.38807e-08
4.15474e-11
4.1811e-08
3.15036e-06
1.41642e-12
6.61204e-12
9.70548e-09
2.35656e-12
0.000157863
1.06275e-09
1.51253e-07
9.06255e-07
1.14531e-12
0.00107223
1.71299e-08
9.94952e-06
9.99201e-15
2.71229e-09
2.27596e-13
2.16956e-05
4.69018e-11
1.81595e-07
6.88338e-15
1.31791e-09
2.14939e-13
4.67457e-05
3.46465e-11
3.54996e-11
8.95464e-09
0.967876
0.952019
4.52971e-14
1.81744e-06
4.4269e-12
4.03766e-07
9.57096e-10
0.979524
2.5091e-14
3.20252e-07
9.76432e-10
8.8372e-11
0.977551
2.99094e-13
2.26083e-05
1.70669e-06
1.92038e-06
9.51372e-12
1.1487e-10
3.35399e-06
3.55271e-14
0.0464266
2.04688e-06
2.28884e-12
9.38222e-09
4.65289e-10
4.60076e-13
3.42886e-11
5.74004e-08
4.78062e-11
0.00245991
3.94448e-06
0.00131256
9.37606e-09
0.000827886
2.22153e-06
0.979794
5.66993e-11
1.61613e-09
3.59512e-10
3.10862e-15
0.0134951
3.91104e-09
5.53228e-06
2.60566e-10
0.97552
2.97696e-05
3.88268e-09
0.00603403
4.16559e-06
3.03313e-13
7.2875e-13
2.49684e-09
1.29452e-07
1.21468e-08
4.56156e-05
3.8736e-05
1.7768e-12
1.46549e-14
5.39562e-11
