1.22022e-11
2.58682e-13
1.24525e-11
6.81607e-10
0.0215239
1.67603e-08
0.0103787
2.96701e-06
2.70848e-05
2.73532e-11
0.00136235
0.000957344
0.00199017
0.0694154
0.986135
7.63971e-11
2.12256e-07
4.74218e-11
2.61569e-13
6.9372e-06
5.86198e-14
0.000285264
2.46674e-05
5.12701e-11
3.9504e-12
0.000142822
5.973e-14
0.98607
0.0227038
9.73812e-10
0.000154292
0.987184
7.2897e-08
0.000494666
4.53859e-13
5.02996e-09
0.0528202
4.08562e-14
2.34356e-05
0.987133
0.987124
0.000254306
0.524266
2.02861e-05
1.42202e-07
1.22494e-10
3.51176e-10
2.05478e-05
0.000516171
9.80001e-11
0.00179427
9.3566e-11
0.0546723
1.24345e-13
0.98704
1.04627e-12
1.26121e-13
1.04139e-13
0.193972
0.0100253
0.00157233
0.298739
2.93191e-10
0.00330834
5.63729e-10
1.85141e-12
0.987183
1.99571e-10
1.45025e-10
0.13191
2.87539e-11
0.0272562
1.61648e-13
2.8616e-11
8.04324e-07
2.72427e-12
2.54019e-13
0.987144
3.02011e-05
0.14958
3.9968e-14
3.77479e-08
1.07504e-06
8.93531e-05
0.987002
0.987171
2.94578e-10
6.38245e-12
6.62039e-07
4.59837e-08
0.0338245
4.83613e-13
2.76478e-05
0.987094
0.000377597
0.00870893
3.69726e-05
0.978551
3.83094e-12
0.47411
1.13176e-12
1.73896e-06
0.00685433
4.19664e-14
2.75023e-06
9.04432e-09
0.0529735
0.987155
0.00279434
8.58354e-06
0.986926
9.30566e-07
0.421779
3.12894e-07
7.94512e-06
0.00128154
1.83772e-08
3.70378e-05
3.01866e-06
0.985351
0.987024
0.000262635
0.985455
4.50888e-08
0.0021791
6.14575e-12
0.987069
0.106338
3.96572e-13
0.000350155
6.73439e-12
0.000113851
5.12977e-05
4.67289e-06
1.06127e-10
2.42003e-06
1.80029e-08
1.32647e-11
0.0013677
0.0169467
5.22392e-07
0.848181
0.986935
9.61453e-14
7.34968e-14
5.45605e-10
0.0865651
0.00183279
3.85669e-12
0.00506836
2.10565e-12
4.58846e-09
0.00214693
0.726754
6.61693e-14
5.09306e-11
3.16277e-09
0.0327501
8.35751e-06
1.85352e-06
0.131223
0.0512155
0.0172871
1.14789e-08
0.0589688
1.93284e-05
3.86224e-12
3.92869e-10
4.05227e-11
1.88944e-11
0.0216901
1.46327e-13
0.0559979
0.0847975
8.52651e-14
1.45482e-07
2.38987e-12
4.18798e-12
1.00095e-08
3.05541e-06
0.983638
0.000694657
0.00760089
0.603049
0.00492674
3.69849e-11
5.42353e-09
6.27612e-09
0.103804
1.20473e-09
0.000174802
0.000974602
8.60154e-11
1.23035e-12
0.594863
8.68194e-14
7.15133e-06
0.206845
0.0458559
0.987183
1.04253e-08
0.0358173
1.38556e-13
5.71905e-08
1.42413e-06
0.0323929
3.29605e-11
1.96812e-06
3.42405e-07
0.68768
0.000194325
1.62171e-06
0.027258
0.987161
2.14628e-12
5.67768e-13
1.05443e-08
0.0198701
2.11974e-08
2.32356e-08
3.10063e-12
1.24518e-11
0.150463
0.00678151
6.98125e-10
0.457569
1.47809e-06
4.60088e-10
7.69111e-10
0.983831
5.67374e-07
1.75814e-10
0.982349
0.986874
5.08482e-14
2.3118e-05
1.5286e-11
2.95784e-08
1.11249e-07
0.000596215
0.000396345
0.146181
1.18951e-05
0.0106228
3.93396e-12
1.6831e-13
0.0169557
1.64561e-07
2.04059e-13
1.87424e-08
0.0570856
1.30079e-08
1.41652e-08
1.78913e-10
0.0246519
0.0854704
2.35137e-10
0.000400625
2.25673e-08
1.36398e-11
6.26237e-11
0.890033
0.00554979
0.983643
1.42435e-10
0.0139082
3.67611e-10
0.00128842
3.63459e-08
0.987172
0.987144
0.406245
0.000895355
0.00791109
1.53409e-07
5.92166e-06
0.00152808
1.99089e-07
3.79807e-12
1.6471e-11
1.4377e-07
0.000299657
3.01224e-05
4.40692e-12
0.00322118
5.22582e-11
7.10543e-14
3.70148e-13
1.58813e-11
0.826423
0.987134
0.0023737
1.30161e-08
0.500736
2.49977e-05
1.58793e-10
8.79297e-14
0.986559
2.18106e-08
1.80294e-11
1.6761e-06
3.63019e-05
1.55942e-11
0.637927
1.05482e-05
0.0966072
4.79668e-09
1.50324e-12
0.140615
1.41887e-13
9.03044e-11
3.1646e-07
2.87252e-11
1.24167e-11
9.79975e-06
0.00442669
2.09543e-09
0.00347187
0.148811
0.000962071
2.01938e-11
0.00257499
5.78217e-06
1.76405e-08
0.0195286
0.00102603
1.16103e-10
7.72512e-10
4.83455e-11
0.128428
1.97886e-12
2.7145e-12
0.000267525
1.2188e-12
0.000113956
0.975283
2.76082e-07
0.00429032
4.46419e-07
1.31828e-09
0.0972781
0.135885
0.00810915
0.0185959
0.00132125
0.965949
4.08562e-14
0.121543
2.21361e-11
8.97564e-05
7.17804e-11
2.94275e-06
0.984822
1.95943e-11
0.0309986
0.0137557
0.987173
0.0763184
0.0377648
1.44252e-08
0.987119
3.91786e-07
0.00298918
9.5261e-09
3.96358e-09
0.000549776
4.36493e-11
0.98643
0.341726
1.81962e-09
9.18376e-13
2.8278e-11
0.0155351
1.87174e-05
0.000178801
8.72328e-08
0.805174
0.067091
4.66188e-08
0.0251714
2.22555e-12
2.89324e-11
3.69161e-06
2.58103e-05
3.03294e-05
3.5261e-05
0.389631
1.31331e-06
7.67169e-10
0.00627517
0.137174
3.84099e-11
0.987067
1.72404e-11
0.358729
0.987131
0.0125458
2.41158e-07
1.64313e-13
0.000969441
4.12727e-07
4.06559e-09
7.33517e-05
4.20463e-07
0.000147657
0.000125313
0.000534952
3.10063e-12
0.00441362
3.01916e-05
7.46366e-05
8.6663e-06
1.58543e-10
9.9083e-07
0.0300766
0.437725
0.986248
0.00703382
6.92779e-14
5.56475e-11
1.14082e-07
0.000163953
0.00517425
1.35617e-10
0.525229
0.000174337
0.0627816
9.27638e-11
2.82176e-05
1.10486e-08
2.97734e-05
0.0170846
2.02415e-10
2.99492e-10
0.177775
1.22125e-13
0.0182598
0.987124
7.76712e-13
5.89895e-11
0.00982987
1.28018e-08
2.99392e-07
0.515222
0.00575111
6.45471e-05
1.01615e-09
1.12565e-09
3.59305e-08
3.66806e-07
0.00330501
0.000429992
0.987162
1.15815e-07
0.987013
1.37274e-05
8.63674e-10
0.00137165
4.84654e-07
2.37284e-10
0.458626
0.000470838
6.20433e-11
0.039374
1.1498e-06
3.07728e-07
8.92619e-14
2.44005e-12
3.72458e-12
0.0176765
0.00627006
0.000230226
2.00218e-12
1.1533e-12
4.6001e-12
0.00133771
3.53788e-06
0.98529
8.68416e-13
6.47695e-06
0.000144572
2.72593e-06
0.0137704
0.0233519
0.987071
3.88981e-06
0.012432
0.0408947
0.000278007
1.55486e-09
1.07558e-12
0.987176
0.0010774
1.58742e-11
1.09912e-13
0.00331381
0.0136282
0.266784
7.30527e-14
4.66199e-05
0.00208332
0.985398
0.000935822
5.44618e-09
4.8899e-10
0.564796
9.50018e-12
1.55778e-11
0.000219244
2.49817e-05
0.171781
4.70957e-13
0.0203298
2.60944e-08
0.000189216
2.78325e-10
0.173012
0.98707
0.00329293
0.987181
2.85514e-11
2.95256e-08
0.000379243
0.000125586
1.10794e-10
0.00105946
3.12427e-10
5.32449e-10
2.5246e-06
1.98375e-12
0.00171753
0.00121532
3.27674e-06
0.987163
8.42086e-05
0.276561
2.82401e-07
1.88181e-09
2.90255e-07
1.28269e-08
1.68381e-05
0.304867
3.08709e-12
2.20175e-07
0.00050749
0.000109968
0.375941
1.99989e-08
6.12776e-12
0.97638
0.98698
2.9986e-10
0.000672077
0.987173
2.04901e-05
0.189521
1.15411e-07
3.02555e-09
0.10316
3.07669e-09
0.00671972
0.987182
0.00222814
1.1913e-05
4.04121e-14
0.021677
8.07838e-11
0.00117759
3.6229e-11
1.80503e-09
6.19504e-14
1.18456e-05
0.987164
1.95794e-11
0.111825
0.0406399
0.0378469
5.64866e-10
0.0526338
0.0423249
0.0212542
8.57379e-06
0.366493
0.00188151
3.39269e-05
6.22343e-06
9.77558e-11
0.00236321
3.45369e-08
1.25981e-11
0.0253721
3.6239e-05
0.0126672
0.00213996
0.987167
3.12542e-08
1.23156e-05
0.000926965
0.986979
8.44596e-05
6.41529e-10
3.50804e-11
4.18835e-09
7.60378e-11
5.17364e-14
2.23155e-13
3.44757e-09
0.029073
1.80885e-05
6.60914e-10
1.37027e-07
5.02487e-13
6.34159e-13
0.986803
3.32737e-05
3.20688e-05
9.57543e-10
2.36931e-06
0.0002459
5.10503e-07
9.31665e-05
2.01317e-09
0.00901805
1.59053e-10
0.0238807
5.93694e-06
7.12941e-11
7.07212e-13
2.10206e-06
0.275678
4.01457e-13
0.986866
3.71172e-11
1.98282e-07
0.0598622
4.86433e-11
2.22378e-09
4.66738e-12
0.986256
0.00413805
7.92904e-09
4.69858e-06
0.464092
2.6515e-08
2.38705e-05
0.976003
0.000847694
0.00555721
0.000882779
0.581152
0.000148602
0.0286238
2.57662e-07
1.37625e-05
6.35048e-14
3.48226e-11
1.08523e-06
3.99374e-11
2.0605e-06
0.987092
2.77792e-09
0.000204654
0.000187222
0.984121
0.987156
0.00263894
5.19584e-14
1.38516e-10
4.20552e-13
2.01879e-06
1.23392e-10
0.0205602
0.224306
3.43947e-13
0.986744
1.54846e-09
3.69376e-06
1.44196e-12
0.00311106
3.91243e-13
8.0652e-05
2.44652e-05
2.59659e-05
0.496263
1.90196e-09
3.98002e-09
0.0144226
3.80298e-07
4.23757e-09
4.26836e-12
0.00386162
0.0990069
6.31309e-06
0.0209236
0.000523373
0.0115807
7.93963e-11
0.98527
1.23705e-07
0.000728972
0.0196295
2.48711e-05
0.0147451
0.00212919
2.82903e-06
5.64881e-13
0.154003
1.52316e-09
5.86198e-14
0.00237291
0.0774517
1.04595e-06
0.000153771
1.15137e-09
5.66513e-09
1.74494e-11
7.39409e-13
1.75415e-13
6.7895e-06
0.987145
0.987132
0.000115789
1.32575e-07
1.84885e-11
7.27023e-11
0.0156871
2.453e-09
5.58693e-11
0.0190508
0.00296541
0.0245897
0.975864
1.64291e-12
0.00014523
8.45715e-10
0.00214827
8.5536e-12
0.850762
1.30282e-07
0.16492
0.0845022
4.37754e-07
0.184988
4.6712e-09
7.76955e-06
2.81606e-07
5.11068e-10
8.19079e-09
0.00140489
2.90964e-10
0.000456572
4.21452e-05
2.73581e-12
0.335592
0.402855
0.987031
1.19676e-10
0.145396
0.000246506
0.000702496
1.09232e-06
2.03024e-08
0.00373993
0.987161
0.510739
1.01547e-08
6.76655e-05
4.77374e-12
0.000187742
3.73035e-13
0.986704
6.83897e-14
2.59766e-07
0.0227946
1.74686e-06
0.0464702
9.00729e-10
0.500369
0.986995
1.22738e-07
0.827879
3.09597e-05
8.48616e-07
0.110092
0.0202981
0.987126
6.65068e-12
9.90384e-05
2.1086e-07
1.44023e-11
5.96876e-10
1.08358e-13
2.35932e-06
0.980533
1.15657e-09
1.90144e-07
0.00174639
0.984909
0.987183
0.714566
1.46434e-08
0.0273196
0.564884
0.00526093
0.36994
1.0969e-13
0.987181
0.00423563
6.71545e-10
0.000188687
1.28141e-10
2.48414e-08
8.9484e-14
0.0542321
0.000166925
0.230966
5.86198e-13
0.0799306
1.82077e-13
1.28298e-05
0.00285013
0.00280224
1.85491e-09
1.27928e-06
7.35614e-11
0.00669539
2.09875e-05
0.000629608
0.000213431
0.516206
0.00746189
0.0263313
0.0192292
5.61501e-07
1.16795e-13
4.18332e-13
7.65929e-06
1.67671e-09
0.0401274
2.53131e-13
3.27932e-09
0.00169883
2.32546e-07
0.00028462
6.88165e-07
0.0134783
8.77941e-05
5.77272e-12
7.61524e-05
2.54436e-09
3.42232e-10
1.39578e-08
3.66514e-09
0.189682
3.50504e-10
6.84608e-12
8.84642e-08
4.35207e-14
0.000186241
2.63922e-12
3.73955e-09
0.48434
0.00160104
0.000541039
0.00180979
8.50379e-06
0.986882
0.0104905
0.00360879
0.0595552
0.0686786
0.434096
0.000495719
1.22897e-06
1.82863e-09
4.72955e-13
1.84028e-06
1.95005e-07
9.29045e-08
0.42524
5.2704e-06
0.266213
0.987069
1.57207e-06
1.34838e-10
3.13203e-05
4.49929e-12
0.0161375
9.4067e-12
0.00151766
5.16608e-05
2.49845e-10
2.55462e-12
3.74397e-09
0.987102
1.72999e-05
6.73447e-10
4.64739e-13
4.69793e-09
9.03149e-06
0.0371455
6.56578e-09
0.00109612
8.70193e-13
7.12763e-14
1.8517e-05
0.0209542
0.436882
2.9305e-09
1.61682e-08
2.11478e-08
6.4617e-10
0.000170347
4.46043e-12
0.00179383
0.0241199
0.000311374
0.418821
6.30607e-13
4.24845e-11
0.000323411
0.0608144
0.983737
2.25271e-08
0.987097
0.00298815
0.00158951
0.986228
0.985296
5.31945e-08
1.96931e-12
4.10155e-07
0.0424379
0.987174
3.58667e-08
9.31279e-09
9.86815e-06
0.116008
0.0114886
2.20046e-13
0.545553
0.987048
0.00449291
6.61693e-14
1.35386e-10
0.00646078
8.51246e-11
0.00259806
2.80465e-12
5.76361e-12
5.34431e-05
0.987058
0.000156741
0.986862
2.56177e-06
9.79397e-11
0.0176834
0.987177
0.984567
2.10196e-06
0.000220763
0.986623
3.45151e-10
1.12639e-06
0.986529
6.29399e-06
9.00857e-12
0.00151674
7.29572e-12
0.000197279
0.000411784
1.28608e-12
2.0161e-08
0.00731635
3.93893e-08
5.71425e-11
2.39728e-08
1.61506e-11
0.000270067
8.28109e-11
0.987158
0.00391066
0.986369
0.454465
0.122475
0.00813963
0.00802232
7.02814e-07
1.03029e-13
1.29585e-12
0.987012
4.23883e-13
0.135931
1.09034e-05
2.07843e-07
2.02949e-13
1.43024e-09
0.00100145
4.37257e-09
1.80358e-08
0.0022868
0.00432584
0.00033063
0.985516
3.05583e-08
0.0570128
1.07512e-06
7.47822e-10
3.49742e-12
0.0136113
0.987033
8.85348e-10
4.59548e-11
8.91621e-06
9.91641e-05
4.94937e-13
0.000168383
0.0288576
0.0890825
7.10543e-14
0.000124904
2.66199e-08
8.24894e-09
7.56427e-07
7.90903e-08
6.34204e-12
1.72688e-10
3.42153e-06
8.45102e-13
0.0241216
7.5763e-09
0.678748
6.52871e-11
0.0276492
0.0968381
4.60365e-12
0.00145538
6.43014e-05
1.25079e-09
3.38796e-12
0.985586
0.00429684
9.7879e-05
3.35441e-11
0.500914
2.38747e-10
6.83313e-07
5.9952e-14
6.90263e-06
0.164491
9.49367e-11
4.03016e-05
9.31406e-09
5.94134e-07
2.67669e-05
0.101529
1.10195e-05
1.07654e-05
4.85733e-10
2.77518e-10
1.87794e-11
5.32352e-12
1.5753e-07
0.0127955
7.54907e-12
2.72449e-13
3.29941e-11
0.280794
0.0487788
4.22404e-06
0.000433716
1.97169e-10
1.48448e-08
0.00273687
0.00544547
2.63229e-11
0.986393
0.0504222
0.513576
1.78188e-10
0.0365376
4.1319e-05
1.05094e-12
0.086996
0.0573833
0.986182
0.987104
5.75719e-09
0.986535
1.83726e-11
1.68204e-10
0.987141
0.986163
0.00949523
6.38928e-05
4.56943e-11
0.00463152
0.000414556
0.987124
0.00406631
0.986611
1.28342e-13
5.29887e-11
2.4448e-06
0.895846
4.33187e-12
0.000321206
5.64726e-12
0.000413511
0.189256
0.0525065
0.0135876
0.0109621
4.79616e-14
0.0853346
3.26143e-10
0.987102
6.4615e-13
7.07701e-12
5.45528e-08
0.987167
9.05498e-13
0.00241241
1.2131e-11
3.21676e-12
4.5099e-05
3.99716e-07
0.987131
1.38315e-05
0.986885
0.0584696
0.987077
0.0159972
0.987177
4.64073e-14
6.00919e-12
0.222355
3.75474e-08
6.95e-14
4.71238e-06
7.16283e-11
3.31704e-11
4.68861e-05
0.000119378
2.02474e-11
0.00327371
3.64298e-08
9.79738e-07
3.99954e-06
0.987118
3.35844e-07
7.50511e-14
0.0551757
0.000564253
3.6858e-09
5.04911e-05
4.72427e-11
2.75734e-06
0.0207437
2.51149e-08
0.0425022
0.00114546
1.81065e-06
0.000320571
1.45699e-07
0.0138722
2.42473e-12
1.43741e-08
2.41146e-08
3.66736e-11
3.80529e-06
1.78439e-06
3.34244e-12
7.9782e-05
0.0246388
7.32247e-05
0.040264
0.0660709
8.48429e-08
0.171183
1.07025e-13
6.06245e-10
1.91744e-07
0.652938
3.87246e-13
0.00698574
0.986992
1.3982e-06
0.0414201
3.51114e-05
0.0101229
8.44433e-07
1.04287e-10
0.223335
0.0134024
0.983077
3.41776e-05
0.448815
0.0512429
1.03052e-05
3.61589e-06
3.76403e-06
0.0812569
2.74811e-06
1.10589e-09
0.979657
0.0014669
8.88845e-13
0.987083
1.55076e-11
7.06323e-05
0.986762
8.8014e-05
9.69271e-09
0.0845346
2.98833e-08
8.8571e-07
0.000116263
3.0663e-11
0.00134328
1.52016e-10
0.0320845
3.26176e-08
1.18803e-05
0.000257736
4.24144e-05
0.987154
0.00509017
0.0150951
0.0616646
0.215974
0.0286547
0.98718
2.40497e-12
0.531876
0.000551949
0.00517468
3.08457e-06
0.178767
2.3286e-09
2.97649e-09
4.99687e-08
0.0109796
1.79076e-07
9.80487e-11
1.09566e-09
4.33085e-05
2.97873e-12
0.000640646
0.00186879
3.0642e-06
3.92717e-05
8.71316e-06
5.77709e-09
5.24025e-14
5.09371e-06
1.63786e-07
6.21165e-11
1.28286e-05
0.00223165
1.30393e-11
6.28673e-11
0.986584
0.987129
1.18455e-05
2.89683e-10
0.00755573
1.12716e-08
0.00226896
0.526653
0.0335019
0.000180581
4.9738e-14
0.00248552
4.59171e-05
0.00352433
0.135423
1.21628e-08
0.00523027
0.00220094
3.99654e-07
4.97698e-08
9.41013e-09
5.78393e-09
1.89893e-06
1.92986e-05
6.17967e-07
1.13021e-13
0.113102
7.71102e-07
0.266059
7.30535e-08
0.0595609
3.53721e-08
3.20631e-07
0.0381258
1.27534e-05
1.3156e-07
8.341e-10
0.987154
4.90252e-12
1.05275e-09
5.11896e-07
1.31937e-05
5.35794e-13
8.69829e-07
0.0253173
9.77231e-07
0.0293736
8.62554e-12
0.0139572
8.17378e-05
1.108e-09
0.987176
0.00118966
0.987103
0.0896257
1.21616e-10
0.0775058
0.299263
0.0195017
0.0533087
0.0125745
7.0435e-09
5.22231e-06
1.55941e-05
8.13705e-12
1.30629e-11
0.985864
6.48863e-05
9.49053e-05
1.97201e-07
2.41538e-11
4.23186e-11
2.55351e-13
0.00140019
0.0154366
3.43118e-06
3.31857e-06
7.01245e-07
1.38243e-06
0.425812
1.66581e-09
5.38303e-09
1.2675e-11
1.11969e-07
8.70619e-05
0.0753287
1.16194e-11
2.21926e-05
0.000722272
3.1446e-12
1.55204e-09
2.3253e-11
1.62933e-06
1.02474e-09
0.044312
0.00476562
7.66956e-06
0.0612592
0.00395475
3.94139e-08
4.38829e-08
1.58893e-07
6.70226e-11
1.00386e-12
5.94094e-10
0.986922
2.57039e-12
0.465615
7.61526e-11
9.40834e-07
0.00307136
1.28564e-13
2.67919e-12
6.03029e-12
0.14338
1.1949e-06
0.987091
4.88998e-06
2.30761e-07
0.984277
2.79786e-05
2.53601e-05
0.000152525
1.9436e-11
2.77363e-07
7.74328e-09
1.43379e-11
0.987169
0.000760026
0.00110026
7.12763e-14
1.3976e-05
0.000125816
1.41664e-13
0.0629178
3.09555e-05
4.94711e-07
0.0404397
1.24329e-09
4.08562e-14
1.82038e-10
3.05477e-05
1.18572e-13
0.0228191
0.0317469
0.534856
4.02789e-13
4.15223e-14
0.986696
7.18826e-07
0.0010488
0.0458042
9.60624e-08
3.02492e-07
2.43361e-13
0.0268201
8.9484e-14
0.00101179
0.385134
0.00114238
0.0555443
3.36523e-05
9.03325e-10
0.987179
2.32461e-09
9.1732e-08
2.22105e-11
4.36799e-09
0.00157404
0.00263078
1.00542e-12
9.02367e-12
0.0553551
6.42387e-09
1.5598e-08
1.15633e-08
0.498023
0.00238347
0.000224863
6.23501e-13
0.00239536
0.987034
3.47427e-08
2.57559e-05
9.39249e-14
0.0138057
0.00068218
1.47869e-09
4.5323e-06
2.74428e-07
0.987178
4.37428e-14
0.987176
0.026487
5.14886e-06
4.34051e-11
0.0785988
0.0216579
2.34916e-07
2.95985e-13
0.0060392
0.000209415
4.16362e-06
2.52687e-12
0.000523301
0.000376826
0.0357642
0.9854
0.0017216
4.0621e-08
9.4353e-11
8.37108e-14
0.000647779
1.77436e-09
1.07801e-08
9.91758e-06
0.000277571
1.39792e-10
2.63547e-11
0.269328
1.07301e-11
0.0159398
0.000167261
0.00607586
0.188616
0.00358249
0.0327663
4.72042e-10
0.987151
1.04865e-09
2.24967e-07
0.00298334
9.16974e-06
2.35745e-12
9.06477e-07
0.00180293
0.759832
9.46621e-12
5.45353e-05
0.000227328
9.43634e-10
9.48264e-12
5.4734e-13
1.32368e-05
0.000108127
1.39e-12
4.79616e-14
0.0154204
0.104376
2.5966e-06
2.09932e-09
8.59828e-05
2.30926e-12
0.0612262
7.93807e-10
5.12923e-14
1.91102e-07
1.43062e-05
2.34426e-10
5.3062e-12
0.987165
1.08802e-13
0.00573475
0.188186
8.54872e-14
0.557527
0.00781642
1.02651e-12
0.00930769
0.0064534
2.07002e-09
0.118554
2.53131e-13
1.36053e-10
1.92711e-05
1.14969e-10
0.00201951
5.72875e-14
0.00136914
1.60812e-10
0.00306539
3.50936e-10
0.0580596
0.352564
1.05176e-05
4.13891e-13
9.4369e-14
0.00417973
0.97491
2.86497e-08
5.4927e-08
3.61138e-09
2.12133e-08
6.06626e-13
0.00112141
4.50452e-09
0.117948
2.74178e-08
1.09239e-11
4.27874e-05
4.4631e-14
0.101098
0.00854209
8.02567e-05
0.00752202
6.77598e-09
0.987181
0.0205534
1.01642e-06
0.000929845
0.00744304
1.1019e-05
0.0343136
4.2835e-07
0.0031187
6.14619e-13
0.000732968
1.91591e-05
1.27786e-08
0.00373406
9.77453e-08
0.915846
0.000102623
0.983609
6.06093e-12
2.9558e-06
0.336778
0.354715
0.000185715
7.51021e-12
0.000119718
0.000575661
0.987131
2.33491e-08
3.32812e-11
0.0941631
0.987149
9.10329e-10
2.44795e-11
0.000521456
4.49389e-07
0.119124
2.88871e-07
0.00027561
0.00147191
4.85985e-08
2.89848e-10
0.37465
3.55216e-06
1.02363e-13
7.72682e-05
0.986756
0.000897241
0.000350344
5.92846e-07
9.02904e-05
1.41682e-11
5.90773e-07
4.10595e-07
2.81122e-09
0.25809
0.0128654
1.90016e-09
2.23921e-06
0.987143
0.000259542
0.98718
5.19584e-14
0.985987
0.0175079
2.2502e-06
4.17147e-06
0.0162117
0.697219
3.74025e-07
0.000201289
0.163303
0.987086
0.979249
4.97493e-09
9.06256e-08
4.51664e-05
2.58304e-10
3.7204e-07
0.443601
1.93578e-12
0.000157198
0.00892436
3.49676e-12
1.28342e-12
5.82948e-05
0.987036
0.00931417
9.25006e-08
5.50269e-09
0.442743
0.0749167
6.35492e-13
0.00222819
0.0155117
0.000726962
0.00823282
0.118965
0.00237166
0.0187459
5.21805e-13
0.00056788
0.986694
4.17116e-09
3.59796e-06
0.98709
0.00817388
5.32438e-09
0.431133
1.37608e-07
9.23418e-09
0.987115
0.0500753
0.987153
0.00557905
2.94857e-05
0.0338246
2.25797e-12
0.0231197
0.987182
0.372628
2.17832e-11
0.620857
4.68349e-07
0.00442621
2.08478e-05
0.987049
0.00212945
1.89219e-09
7.17531e-05
6.1763e-09
1.12357e-07
5.01439e-07
6.12517e-10
0.0967531
3.47833e-07
0.00241592
1.04492e-10
0.036622
5.04423e-11
3.84728e-10
9.52424e-06
0.00602852
0.0275733
3.95336e-08
9.95426e-13
9.10569e-11
0.986899
1.96916e-08
6.05243e-07
0.869144
0.00170516
0.0271843
5.24547e-11
2.77689e-12
2.40438e-10
0.246808
2.95365e-08
1.90174e-07
0.0330578
8.18268e-07
8.72532e-07
0.0576865
2.40366e-05
4.75842e-13
0.000420831
0.156981
2.14933e-05
7.24798e-12
4.64757e-11
4.3469e-08
0.00611661
7.41267e-05
2.44693e-13
1.88289e-11
0.0101409
0.0123318
0.674888
0.357037
1.25918e-10
0.00218763
8.89833e-11
1.64615e-07
2.30482e-13
3.95385e-07
2.42916e-06
1.73278e-09
4.53972e-10
0.00717593
0.0346117
4.24771e-13
0.080944
0.355116
0.0182543
9.28741e-05
0.308947
0.0515884
0.632183
0.0265105
1.15205e-08
6.99319e-05
6.3196e-07
0.458591
8.279e-11
4.44491e-07
2.081e-12
2.47225e-07
0.00899102
7.10543e-14
0.00729319
0.0044716
0.00101733
1.19005e-05
5.97971e-08
0.115071
3.62576e-08
1.02645e-07
0.000267716
0.0774333
3.70178e-06
4.86868e-08
6.88004e-06
4.93804e-07
0.00791643
4.06342e-14
5.62948e-09
2.78262e-08
1.55221e-05
2.47133e-06
0.00457759
0.987178
4.01901e-14
4.54728e-05
2.06279e-13
4.29212e-12
0.000196806
0.940808
0.000366608
3.8084e-10
1.38514e-06
1.07729e-10
7.92699e-14
6.12523e-05
1.07248e-13
0.00043679
4.84057e-14
2.04614e-05
0.0115872
0.05091
0.500669
4.92029e-12
0.987139
7.53015e-08
0.000589382
4.70735e-14
4.29234e-12
3.04324e-06
0.0312648
5.40652e-08
0.282425
6.76897e-06
0.987183
0.987164
9.70384e-07
8.26591e-05
0.00485035
0.000446379
0.00487467
9.12029e-08
0.192252
7.34662e-07
0.987161
0.00362016
0.0132487
9.38193e-08
0.286467
6.11105e-09
2.8608e-10
0.0132936
2.78888e-13
1.12998e-12
0.000331314
0.32316
8.68507e-07
0.013922
5.20528e-08
0.00342846
2.70539e-12
0.987183
4.00356e-05
1.19048e-08
0.986408
3.19145e-12
5.05804e-08
2.75404e-09
0.539166
0.00109991
0.985825
1.09501e-09
3.46827e-09
2.67113e-05
3.44584e-11
0.00383365
0.103677
3.13527e-11
1.68769e-06
3.70814e-13
3.15911e-07
0.977652
0.00148488
0.109639
0.001354
0.000155545
1.22378e-06
1.17724e-09
0.000240123
0.459636
1.20537e-09
0.000187274
0.00986358
0.0184832
0.987055
0.0105809
7.04821e-05
0.00206057
0.120714
0.00307722
2.09675e-09
1.51243e-11
0.0415049
1.62393e-07
0.00969965
5.41429e-06
9.25482e-13
0.0825825
1.97889e-05
0.0152069
5.73763e-13
2.42892e-11
0.336174
5.47426e-07
1.84739e-06
0.000388351
2.45914e-09
0.000428821
2.89847e-06
6.03673e-07
0.0205497
1.16785e-06
0.02095
0.00901379
0.0151144
3.86274e-08
0.363425
0.987101
0.00544862
3.52225e-11
1.65423e-13
7.64362e-06
0.0915826
3.63176e-12
0.00126475
9.2612e-06
4.57832e-11
1.70091e-07
0.980812
2.76057e-08
9.57012e-14
0.00197628
0.00530115
1.28568e-11
2.97164e-08
2.24858e-09
0.987172
0.00404024
2.40861e-11
1.00591e-10
6.67244e-12
6.04161e-12
1.01662e-10
3.85247e-13
8.38811e-09
0.987124
0.0550195
0.177991
0.986709
0.000197118
0.00109981
0.987145
2.48004e-07
0.00372606
7.04076e-10
1.47216e-13
0.0745419
6.70636e-10
1.20039e-10
4.35867e-11
3.13927e-07
0.227472
9.55099e-06
0.0136722
5.38309e-11
0.310216
0.256461
2.92073e-05
0.0226242
0.000730655
0.0831733
0.986365
6.88116e-13
2.55118e-11
3.67898e-07
0.00188339
2.19158e-13
1.6847e-05
0.0195493
0.000195394
8.16242e-06
0.986658
2.74706e-10
1.15617e-05
1.27365e-12
1.4484e-05
0.987101
1.64546e-10
0.0939284
0.274382
1.32494e-12
2.47524e-08
0.000660182
2.12605e-08
5.50667e-08
0.000124169
0.370405
8.31309e-05
0.986922
5.58794e-05
0.0640475
0.000402692
4.43794e-09
2.18022e-10
0.0112215
0.000489792
0.263315
3.91238e-08
3.15302e-10
4.66915e-09
1.51799e-08
9.20392e-10
0.00295255
4.85412e-11
3.14231e-08
0.000128909
2.89559e-08
3.42603e-10
3.57492e-13
0.987169
3.36857e-11
0.0164306
6.91929e-11
0.0582873
2.04544e-06
1.49261e-11
0.0222552
5.38081e-12
0.000100107
1.3578e-06
5.9508e-14
0.000148221
3.39895e-07
0.566529
0.0406932
7.83555e-05
5.66214e-14
0.316032
0.0239483
5.34695e-11
0.154426
1.25727e-10
1.18157e-11
0.815856
1.28733e-07
0.0524991
1.53744e-09
2.8517e-08
4.15623e-07
6.25588e-11
3.63633e-09
0.987097
1.56442e-06
0.0068886
0.0160134
0.0510335
0.987182
0.984755
1.04423e-11
0.00418648
7.38745e-08
0.987014
0.0019434
1.79769e-08
2.16716e-13
1.48392e-12
0.000323459
0.249194
0.000305677
7.04903e-09
0.98708
0.987133
0.000181673
0.00566458
6.48707e-10
0.0894473
0.00581627
1.2041e-07
0.000777479
0.0675617
3.74125e-11
4.32987e-14
3.62488e-12
5.3348e-11
1.06715e-12
0.986799
1.12282e-08
0.985958
3.43474e-11
0.000393543
4.83169e-13
3.15192e-06
5.72242e-06
0.0665524
7.05432e-07
5.66211e-05
0.0366537
2.99405e-12
2.59655e-11
8.04413e-06
2.10099e-06
0.00141004
1.57339e-11
2.80305e-09
7.91563e-05
9.35318e-12
0.987057
0.000246947
0.00420765
1.00241e-06
1.75232e-09
6.41709e-14
6.08402e-14
8.23971e-09
4.47975e-12
0.986912
0.0656341
0.00543761
0.031005
3.24456e-11
1.83604e-05
1.84111e-11
1.0081e-11
2.92685e-09
0.0303159
0.986271
4.41329e-05
4.29871e-06
0.00150247
8.81458e-06
0.299298
0.984129
9.10425e-08
6.4861e-10
0.00100661
5.14752e-07
1.71966e-08
0.987049
4.50144e-11
4.46546e-10
0.149717
1.09151e-08
6.74771e-12
1.50553e-11
5.18474e-13
3.39452e-07
0.00016157
0.000244492
5.29448e-08
5.73763e-13
0.076906
1.98891e-06
0.0453688
0.00344403
0.00130213
0.00365749
3.9431e-07
0.00273154
1.63739e-08
7.5643e-06
3.95239e-14
0.0387655
2.74237e-06
0.0234845
1.35669e-13
1.60316e-13
0.0867835
0.574126
2.28813e-05
4.19712e-06
2.48368e-10
0.313582
0.00631498
0.0549779
0.952886
2.30183e-06
0.000784268
6.21165e-11
2.40156e-07
0.987171
4.65787e-11
0.558256
3.52367e-07
0.000413839
0.00622422
4.95991e-06
4.26326e-14
0.00604582
0.003462
0.000246435
0.000240454
6.92768e-11
0.492829
0.000145908
0.000183032
0.000127479
4.98854e-11
1.71952e-06
1.64186e-07
3.20348e-10
3.61045e-13
0.0171418
0.383226
0.872307
3.76661e-07
8.23134e-08
0.000349745
8.95874e-08
0.0013946
7.48043e-08
4.73583e-11
2.16051e-06
2.79617e-06
4.59187e-08
0.00097771
6.6902e-13
1.24554e-10
4.34172e-05
0.0167093
3.76473e-07
0.000138261
8.01581e-14
0.0317865
8.57527e-08
6.57252e-14
5.90861e-13
2.95505e-10
6.26493e-05
0.0180869
7.77327e-07
1.28364e-12
0.0280404
0.0602636
2.1856e-07
9.11743e-10
3.81987e-09
0.00864456
0.000362599
0.070328
2.90763e-10
2.61424e-05
0.0123616
0.986113
1.19658e-07
3.02092e-12
0.0216302
9.80515e-05
2.49578e-13
0.000503888
9.9751e-09
9.44732e-05
0.987167
0.987015
3.39284e-13
0.0143857
0.461214
3.06308e-06
0.000812569
6.8936e-05
0.143673
0.0430136
0.0791287
0.441699
2.90952e-06
8.39072e-07
1.12945e-08
4.56268e-11
0.735046
0.00918759
0.987085
0.0394205
0.00625046
2.92408e-07
0.00279025
1.76916e-10
1.31403e-07
2.98111e-06
0.223077
8.15832e-11
0.318026
0.0578843
0.0802716
6.32309e-08
3.62829e-08
7.85239e-12
3.08368e-08
2.45135e-11
1.22587e-10
5.21769e-05
2.4393e-10
0.0775751
0.703687
1.09655e-11
0.00083762
3.87174e-09
2.47493e-07
0.368499
1.66841e-05
0.252549
2.8004e-06
0.987181
8.04578e-05
4.65725e-08
0.000712401
0.00253277
0.983264
0.987049
0.00966107
0.24506
2.38001e-11
1.56861e-05
6.8794e-09
6.57794e-07
4.02227e-08
5.06908e-09
0.000161234
0.25467
3.46863e-09
9.72333e-13
1.63488e-06
0.0133917
5.13651e-05
3.48701e-05
0.191536
7.52971e-11
0.00785281
0.00582764
0.000260521
4.18332e-13
0.000708404
0.00111403
0.000726669
1.85763e-12
1.73422e-06
0.987178
0.030025
0.987123
0.0321874
0.987057
7.95142e-13
1.08486e-10
8.17502e-12
2.84126e-06
0.132487
6.16087e-09
0.415099
0.010148
4.86536e-08
0.00736852
2.52927e-10
0.293728
2.02428e-08
0.000128392
0.987169
0.0229807
3.2752e-08
1.49068e-09
1.5454e-06
0.147204
0.0266234
4.8665e-08
7.4643e-07
2.89235e-12
0.984576
0.987175
4.10021e-08
7.43849e-14
0.00965482
1.03165e-07
0.509956
0.0730162
0.000124833
6.24635e-06
2.18592e-11
2.42431e-05
0.985922
2.61768e-12
0.395614
7.89659e-09
7.19588e-07
1.51039e-10
6.87586e-10
0.0157931
0.317107
2.2134e-09
7.31447e-09
0.0174731
2.10136e-08
4.96517e-07
5.16527e-09
5.30379e-10
8.74101e-12
4.47042e-12
0.000145447
2.80649e-11
0.987113
1.41664e-13
0.000332627
0.114593
2.49487e-05
0.304974
7.68976e-11
0.987039
4.06913e-07
2.16518e-08
6.94474e-09
0.412419
7.91422e-11
0.29659
0.0491882
3.94512e-08
0.0106703
1.3735e-07
0.11453
0.985879
3.968e-07
1.33271e-12
0.117931
1.05964e-06
1.16862e-12
0.235557
6.76481e-08
1.03784e-12
1.1195e-05
3.65895e-09
1.59963e-06
0.0428266
0.001568
1.61426e-13
0.0633053
2.13746e-05
0.00358839
2.17659e-11
0.00537811
6.84874e-12
0.00139769
0.000978468
0.130424
1.35936e-11
0.00590817
5.76161e-12
2.05475e-05
1.32044e-05
1.39691e-07
5.40568e-12
3.11915e-06
4.2004e-09
1.97661e-05
0.98718
8.30005e-08
1.35225e-13
0.0104937
0.987153
4.28859e-09
3.91465e-13
1.21653e-07
2.08353e-05
4.51373e-08
0.00165399
4.01588e-05
4.28546e-14
0.000119099
0.0134326
9.35016e-06
8.99694e-06
1.10209e-05
1.89434e-07
1.67111e-12
2.14072e-10
0.00034766
4.29701e-12
0.0778689
1.14175e-12
0.666332
1.46922e-08
0.000121166
0.00273399
1.17757e-11
2.23765e-11
2.6195e-05
0.117784
1.02614e-06
3.55382e-12
4.9616e-06
5.52736e-12
5.84654e-09
2.65907e-11
1.92401e-07
0.000316744
2.40406e-09
7.39409e-14
0.471248
2.21352e-06
0.000107035
0.975602
0.000401007
8.42687e-06
0.174608
1.9218e-06
0.0436154
0.984549
8.74828e-07
1.29861e-10
2.24322e-08
8.91612e-10
0.987027
0.984498
9.2587e-05
6.3638e-13
1.60516e-12
0.000192659
8.82419e-06
4.06088e-09
0.987184
3.77458e-11
6.50592e-10
9.39249e-14
0.0774321
0.986643
0.986656
1.22475e-09
0.161322
0.000875097
4.18641e-10
1.00654e-05
0.0552205
0.00821279
3.51497e-13
2.22688e-06
2.44585e-05
5.32241e-13
9.69691e-12
0.000383051
0.575676
5.64405e-06
0.00316336
0.00655948
8.47229e-06
1.19307e-08
0.000719342
2.52046e-07
7.43803e-07
0.175437
0.000959322
0.00381453
3.6213e-09
0.00482072
2.12719e-13
2.53114e-06
0.000125958
0.0157429
3.13382e-10
1.02236e-11
0.0205418
4.01545e-08
0.982823
0.133026
0.987177
6.1686e-11
0.00184599
0.0233373
0.77696
0.000113662
0.000111185
0.398888
1.4666e-12
2.08409e-11
5.4475e-05
5.5258e-08
5.29902e-09
2.42706e-11
0.0134896
0.0962761
2.72027e-12
8.34068e-09
6.78503e-08
1.34859e-11
2.63952e-07
1.0937e-09
0.00345586
3.56733e-09
0.0146628
0.0626907
6.33826e-12
1.50363e-10
0.363452
0.0730366
0.000317047
0.986108
0.00274741
0.00674088
0.345092
3.12332e-11
0.00160048
1.37736e-11
0.00188439
0.981001
7.58669e-11
0.987136
1.64757e-13
0.164702
0.880053
2.58833e-09
0.00318719
0.741514
0.131007
0.0599693
0.000115322
1.94283e-07
1.21863e-09
5.46087e-08
1.45934e-09
0.333336
0.00821622
0.0741825
0.210764
8.02647e-07
0.963792
2.07761e-07
1.68941e-09
0.987071
0.480189
1.81573e-10
0.343395
0.254526
0.0182529
0.00286882
7.34713e-05
0.0228843
9.93872e-13
0.000102578
2.15299e-10
0.106864
0.00131069
9.6656e-13
3.52675e-09
0.201246
4.85073e-06
3.13521e-09
0.986655
0.000483509
1.30802e-08
2.20046e-13
0.966416
4.04821e-11
9.13936e-13
0.404208
0.0538298
0.987074
1.02641e-07
1.47549e-12
2.91565e-09
6.38072e-07
0.000715197
1.21359e-05
0.00818594
4.08562e-14
1.0083e-12
6.56046e-07
3.52874e-07
0.000699384
1.56984e-07
0.0012329
1.80767e-12
0.18116
7.88137e-10
0.00147656
0.00318909
0.0255677
0.130681
1.07908e-06
6.77236e-14
0.00561976
1.09246e-13
0.00397716
0.000433147
0.987006
1.42835e-11
2.19846e-12
0.987159
0.102892
1.38975e-06
0.000401157
1.43058e-10
4.77061e-06
0.000233518
3.6817e-07
2.53684e-06
0.900637
0.00751845
3.97913e-05
3.05639e-05
1.01537e-11
8.95336e-10
0.00165017
0.30565
3.7885e-08
7.93754e-09
8.51542e-07
0.65731
2.4223e-09
2.90855e-09
0.122449
1.63543e-09
0.246331
0.00176633
0.719444
2.4833e-05
2.06238e-07
0.987159
7.58157e-09
3.51134e-06
7.38371e-06
2.37969e-08
1.02629e-12
0.0370448
3.99148e-05
0.0342847
0.0108123
3.18584e-08
9.52571e-14
9.31313e-10
0.104736
0.077332
0.0155986
0.609852
2.69784e-13
0.986567
0.0938009
0.987159
0.0033275
9.97697e-06
9.08346e-08
2.31148e-13
0.0373653
2.68008e-13
0.980787
0.386771
4.36014e-08
8.02358e-11
4.33963e-09
0.0240029
4.41403e-10
0.0099126
0.389329
1.30323e-07
0.456153
0.0070224
2.35784e-09
1.05526e-10
0.490877
0.12157
0.987175
0.000158853
2.86215e-13
0.199517
4.70929e-08
1.39843e-10
0.000175733
1.0312e-11
0.0297522
0.591369
0.987169
2.88594e-09
4.25393e-12
2.42606e-12
3.14312e-09
0.0629918
0.771051
2.49134e-05
0.257767
1.12701e-06
0.0272132
0.000137574
0.986975
2.03527e-06
0.193083
1.25122e-09
9.92911e-10
1.24571e-06
4.03834e-09
0.880772
0.00273183
0.0030537
0.00381849
1.5144e-10
0.572626
0.00119497
0.0590817
5.68434e-14
6.40845e-06
1.08177e-08
0.00641918
1.62682e-06
0.981586
3.01914e-12
2.2659e-09
5.6227e-10
0.128727
2.76522e-08
1.13428e-09
0.000645913
0.0173382
1.52123e-08
7.05065e-08
0.0844028
5.21002e-08
4.17444e-14
3.22915e-08
0.909864
8.41953e-11
0.00039004
2.69563e-10
2.89702e-11
9.33062e-06
2.75134e-10
0.0895519
0.0445912
0.0772167
6.74041e-09
9.18478e-08
0.986968
0.00704617
0.18836
0.0156479
0.000134991
3.68572e-12
6.2113e-07
4.51972e-10
0.0670496
0.000223724
0.000205497
0.201445
0.961391
0.986306
8.0482e-09
0.27208
7.76486e-05
1.04129e-09
0.0572599
0.00369404
2.89921e-11
0.987183
0.208985
3.7058e-08
8.26035e-05
1.18794e-13
9.46389e-10
0.305929
6.01741e-14
0.597065
0.362787
5.36049e-11
7.95479e-06
5.38448e-05
7.28795e-07
0.00106096
0.279262
0.00292731
3.38837e-10
4.24438e-08
1.2923e-13
