5.91576e-08
1.22125e-14
1.92963e-06
2.74974e-07
0.757036
1.26881e-07
0.000516036
1.45711e-05
4.89248e-10
1.02068e-09
9.81687e-07
4.19626e-07
5.78798e-05
0.000180617
4.04667e-06
4.46204e-08
9.99867e-13
6.93445e-13
0.984251
4.04807e-05
9.99201e-15
1.11581e-10
9.22131e-10
3.41616e-12
3.12639e-13
0.984009
0.984178
3.90011e-07
0.000656663
1.62093e-14
1.04621e-09
1.88738e-14
1.83922e-11
6.96294e-07
8.21565e-15
8.4817e-11
0.000431814
0.984263
6.43929e-15
3.97767e-08
8.96372e-12
4.59122e-12
0.921341
2.22578e-08
1.28142e-12
6.49503e-11
3.17291e-11
2.83602e-05
4.55092e-11
3.9968e-15
0.00229428
1.86029e-12
2.42093e-06
3.61138e-06
2.3368e-08
2.57572e-14
0.984061
1.06581e-14
1.07941e-05
2.44253e-09
2.01242e-05
0.014781
1.6992e-11
0.983959
1.63858e-10
8.43769e-15
3.337e-11
1.86517e-14
1.25633e-12
0.00531115
2.40252e-13
0.000981077
0.983829
8.36442e-13
8.16121e-11
1.17684e-14
2.77556e-14
6.05917e-09
1.4353e-06
0.0049909
1.22125e-14
6.57419e-11
1.23775e-06
0.980452
2.35611e-08
1.11022e-13
1.51861e-11
3.09248e-08
1.43447e-08
1.83532e-06
0.829248
0.984274
0.00310464
5.32907e-15
0.000432966
0.951847
4.89949e-09
2.10523e-07
2.70894e-14
0.376587
1.0707e-12
3.08184e-05
5.42714e-07
4.21885e-15
5.62159e-10
3.39654e-06
9.39904e-10
2.84183e-06
0.00215402
1.55638e-08
1.97587e-08
1.49116e-11
5.08482e-14
3.029e-09
1.47943e-10
2.67774e-05
1.08706e-11
6.96678e-07
0.98415
7.37899e-12
1.68754e-14
1.0331e-05
2.90341e-08
3.48475e-10
0.958372
1.30338e-08
1.48326e-13
0.00027358
2.14586e-11
0.00551067
3.2725e-09
1.31741e-08
1.48659e-12
2.6969e-08
5.60032e-05
1.49457e-10
7.77156e-15
8.61533e-14
5.14543e-06
0.000989578
2.37808e-11
0.0316217
3.27601e-06
9.32587e-15
5.9952e-15
7.10543e-15
2.68093e-09
3.24903e-06
7.34968e-14
9.55735e-07
6.35048e-14
2.30702e-11
0.982157
0.47476
0.983928
8.88845e-13
2.72169e-08
4.42478e-05
0.981489
3.25628e-12
8.81961e-13
0.980591
0.0765151
2.7589e-10
0.0724829
1.97181e-08
8.43769e-15
2.08944e-13
6.7748e-12
1.26565e-14
6.23438e-07
4.66294e-15
9.69165e-05
0.811369
4.88498e-15
7.31042e-11
9.54792e-15
4.06342e-14
3.90105e-07
3.17202e-11
0.000752221
1.57504e-05
0.0161816
6.76015e-12
6.43629e-09
3.8965e-09
2.54241e-13
4.83054e-05
0.981995
1.04142e-06
0.000767747
7.73185e-10
1.4313e-12
0.984201
0.162155
6.88338e-15
1.42109e-13
0.00915744
1.78892e-11
5.32907e-15
4.21041e-11
0.00132206
4.66294e-14
9.69691e-12
0.00960393
0.982456
2.24265e-14
5.22847e-10
1.38283e-07
0.00369829
2.71561e-12
4.996e-14
0.00390648
1.28939e-11
8.1475e-08
8.39329e-14
1.13696e-10
2.28283e-05
2.35878e-12
6.63593e-10
2.18114e-12
3.07081e-08
1.37572e-07
0.98429
2.93882e-08
3.74368e-09
2.09781e-08
8.56204e-13
0.982492
7.96252e-05
6.54299e-12
9.92362e-12
4.28546e-14
8.41371e-08
1.87677e-11
6.2497e-08
5.87197e-12
9.85857e-09
3.13083e-14
4.67455e-09
5.85429e-06
0.0999514
2.13137e-06
5.0836e-10
1.56265e-09
5.55112e-15
0.0144514
1.6945e-10
3.9968e-15
1.19179e-07
0.983995
1.05622e-07
6.37268e-14
1.44229e-11
0.00386256
2.15605e-13
4.23097e-07
0.981793
5.69465e-09
0.984203
1.90766e-08
5.21805e-14
4.88498e-15
2.95418e-05
2.01516e-06
0.103718
2.17689e-09
7.00354e-09
1.1959e-07
3.02709e-10
5.58667e-10
0.981483
0.983196
0.00176792
1.03398e-08
9.29907e-06
4.06741e-08
5.45511e-09
4.22551e-13
6.58584e-13
1.76276e-09
0.000448136
1.98572e-08
6.21725e-15
0.00118366
0.984267
6.21725e-15
3.14193e-13
0.0059981
0.749072
1.60134e-05
6.99573e-08
0.00261253
0.226158
1.78503e-06
1.07708e-05
4.41869e-14
3.75168e-06
8.65974e-15
1.17684e-14
1.14866e-06
0.983219
3.15303e-14
0.442756
7.43248e-10
0.00165713
1.73639e-13
1.09851e-09
0.0181115
3.51053e-13
1.33227e-14
0.983599
2.78391e-11
9.33187e-12
7.99361e-15
1.72136e-07
0.000981185
7.64345e-05
0.0037813
7.45859e-06
9.73888e-13
1.77671e-07
1.93893e-07
9.10383e-15
9.75266e-05
2.68664e-05
1.74868e-10
1.27736e-11
1.74807e-11
0.0106863
1.59872e-14
7.28195e-12
0.983455
0.667075
2.25866e-06
0.000194381
5.82763e-08
2.14224e-10
3.77138e-09
2.93099e-14
3.06422e-14
1.86994e-07
2.84987e-09
0.00562752
6.62672e-05
7.12075e-12
1.82077e-13
1.09273e-11
2.13829e-12
0.964721
4.62042e-11
2.10798e-06
1.86517e-14
0.000111566
2.4416e-12
6.49589e-07
3.60278e-11
6.12967e-07
7.6037e-12
2.91815e-06
1.19721e-05
1.3639e-09
1.49285e-07
3.22294e-10
5.68434e-14
3.11277e-08
2.3381e-06
3.77476e-15
3.98619e-05
1.38933e-12
4.10955e-10
1.55653e-13
0.000478827
6.88711e-07
2.46247e-13
3.02529e-11
0.412621
0.0275789
4.26015e-12
2.52156e-09
5.19584e-14
2.31637e-12
2.03707e-10
3.19744e-13
1.77964e-07
1.04279e-05
0.00155548
6.35403e-12
8.60512e-12
0.982942
0.145035
4.70242e-09
1.847e-08
2.44249e-14
0.0368924
2.67124e-11
0.568888
6.19275e-06
1.48326e-12
0.000155993
2.79998e-13
2.71339e-13
0.977606
0.000103758
5.44076e-07
0.922436
7.57361e-07
1.77231e-08
1.45708e-07
5.9952e-15
3.191e-12
0.983581
1.76059e-12
1.03266e-07
0.076368
2.9918e-08
4.7548e-06
6.70376e-08
1.54232e-12
1.68088e-13
9.55006e-10
6.36096e-06
3.36742e-10
2.79776e-14
9.40047e-05
2.35e-08
1.42018e-11
8.05498e-08
2.67899e-11
8.04244e-10
0.000521797
2.18212e-09
4.64295e-12
0.00681308
1.17856e-07
5.77316e-15
8.23458e-05
4.90574e-07
4.91225e-11
1.42331e-13
8.64611e-06
0.000117681
1.39359e-06
0.0925928
6.43065e-08
2.76683e-06
9.24505e-11
3.80269e-05
4.21138e-09
1.57342e-07
1.26651e-07
5.69049e-07
1.06704e-10
5.79991e-07
2.61248e-09
8.05578e-13
3.43106e-10
0.000921161
0.00673747
3.92455e-11
0.00722057
2.01896e-07
1.26454e-12
4.19523e-05
3.5465e-12
3.2816e-12
0.983916
2.64233e-14
2.92211e-13
0.858107
0.000580904
1.84913e-09
1.31961e-12
0.000245337
3.9968e-15
5.02057e-07
1.21504e-09
3.82586e-09
7.68513e-07
4.32632e-05
1.34576e-05
0.00237105
1.02751e-07
3.19906e-11
5.07783e-09
8.01581e-14
2.89701e-08
0.0215402
1.86788e-05
1.70974e-14
8.21565e-15
4.52971e-14
1.43277e-11
1.12456e-09
1.60973e-07
2.93685e-05
3.90024e-08
0.00180493
4.66294e-15
1.40971e-08
2.95646e-10
5.10763e-09
3.28806e-07
7.42806e-11
4.61056e-10
2.71167e-05
1.10356e-13
3.91954e-08
0.983245
1.37511e-08
5.75901e-08
1.61395e-11
0.00425065
4.40339e-10
1.21458e-13
1.93623e-13
0.974828
1.52101e-13
2.49793e-10
1.0747e-12
0.984205
5.04213e-08
1.94955e-13
0.000235267
1.44995e-13
7.32747e-15
5.05692e-09
9.42135e-13
8.21565e-15
6.30607e-13
4.3388e-10
3.44396e-07
9.55758e-11
4.45634e-10
6.81267e-10
4.72961e-05
2.57683e-10
5.36438e-12
2.26301e-08
0.982092
1.43035e-09
1.25344e-05
2.38157e-09
1.00036e-08
2.50377e-07
0.00636071
0.0753052
1.90667e-08
1.24567e-13
2.95243e-08
0.000161691
5.28444e-12
2.85969e-09
9.91629e-12
4.30767e-14
0.00196192
6.53144e-11
3.92896e-07
1.16583e-05
2.79141e-11
6.90521e-10
3.69971e-12
2.01482e-07
2.09363e-06
1.04361e-14
2.97382e-06
1.43174e-12
0.000237114
3.03868e-12
0.984213
5.10703e-15
7.37779e-06
6.41613e-10
2.76157e-12
2.79822e-07
0.000304916
3.74326e-10
1.32025e-08
0.788966
1.02025e-08
0.00037771
2.60339e-10
8.64622e-09
2.7137e-05
0.983957
1.27416e-06
2.56342e-09
5.10143e-06
1.36757e-12
0.983291
0.00161731
1.1158e-09
0.00113047
3.02935e-12
5.32938e-11
1.56254e-08
4.39294e-05
0.0458996
1.44329e-14
6.32168e-09
1.03402e-10
8.50431e-13
4.49276e-09
1.20126e-13
5.10703e-15
3.73035e-14
1.0254e-12
0.00046379
1.91407e-07
6.57141e-12
0.98408
3.9968e-15
3.54827e-13
6.86837e-05
2.66324e-07
1.60559e-06
9.54792e-15
0.00407276
4.71641e-09
0.983314
0.983703
1.09508e-11
1.05261e-05
5.44675e-13
8.75965e-05
0.982668
1.64047e-11
5.32907e-15
7.75096e-10
0.0995328
1.22125e-14
1.56283e-05
0.981076
1.0794e-11
0.000324248
3.04201e-14
1.66608e-05
6.08402e-14
2.46025e-13
0.00392959
2.94065e-07
2.02669e-05
0.00094514
1.94262e-07
2.96344e-08
2.02911e-10
0.983403
1.52395e-05
6.14532e-06
2.91642e-08
2.37193e-07
2.75313e-12
0.000132379
6.86806e-12
3.77476e-15
5.22291e-07
1.47305e-07
4.26869e-10
3.89869e-08
2.75557e-13
1.88605e-12
8.19613e-07
8.44408e-07
0.0116735
1.43108e-12
1.00622e-06
8.21565e-15
4.04965e-12
5.32907e-15
0.00019088
9.52571e-13
0.981187
0.035588
1.44995e-13
0.00773974
3.27957e-05
4.58689e-10
1.31006e-14
2.83995e-13
7.32747e-15
1.12737e-08
1.9329e-12
6.14144e-08
0.0162152
3.4861e-14
3.75757e-07
4.75221e-06
8.65974e-15
1.78391e-12
4.31498e-10
2.43797e-08
0.047045
2.48964e-06
0.000144902
0.952211
0.000792276
1.79634e-13
1.63478e-07
1.27898e-13
1.66394e-06
3.92132e-06
4.1344e-06
2.45439e-08
3.30296e-07
2.19382e-09
1.22125e-14
0.000770331
1.88738e-14
7.32747e-15
0.000138751
0.0498346
1.5978e-07
0.000541157
3.80926e-05
9.78329e-13
5.81757e-14
3.41949e-14
0.912371
7.62579e-06
5.09462e-09
2.34544e-06
5.79717e-07
5.15581e-10
3.27589e-11
4.03899e-13
9.42913e-06
4.44089e-15
5.27356e-13
0.000111024
0.000476799
4.65054e-06
0.0504884
1.7919e-12
3.71309e-07
3.14004e-11
2.39054e-05
4.99822e-13
0.000167318
4.35016e-05
0.180679
9.74909e-12
1.36059e-10
0.17417
9.29061e-11
1.93034e-11
6.46302e-09
2.48712e-12
5.49938e-12
0.981977
4.96029e-05
8.26624e-09
1.76802e-05
6.66134e-15
1.28439e-11
0.774118
8.36886e-13
3.67468e-10
0.57224
0.000224127
8.943e-09
7.06932e-11
1.30792e-08
1.29013e-08
1.60046e-09
0.76799
5.72209e-13
9.24467e-11
3.61378e-12
2.02466e-08
1.84519e-13
0.0717014
0.984173
0.983193
7.5646e-08
0.984085
3.10681e-09
4.78293e-07
0.000152099
6.01247e-05
1.04694e-09
5.23725e-09
1.8449e-07
0.0119469
0.0157032
3.45181e-06
1.77453e-09
2.55107e-12
3.38459e-09
5.12202e-10
1.37668e-13
2.37588e-14
0.980071
1.64313e-14
0.000642092
5.55112e-15
3.33067e-14
0.9837
2.39578e-07
1.43219e-13
5.65316e-05
1.0814e-10
0.000447743
0.0604576
0.000830826
0.00276911
6.21725e-15
4.44089e-15
1.88427e-09
3.76167e-08
5.04046e-06
9.52571e-13
0.00565559
3.77476e-15
7.32747e-15
3.9866e-07
0.0190436
2.94431e-13
2.34583e-11
0.979479
2.08188e-07
3.01813e-05
2.12941e-13
6.9752e-11
1.37497e-11
7.3519e-13
0.0860257
0.00724783
1.83453e-06
1.96326e-06
0.0358705
1.81436e-07
0.0172402
1.58135e-06
7.40287e-08
2.4875e-07
1.82077e-14
6.60402e-06
6.02762e-12
0.000927329
4.66294e-15
2.41573e-11
0.000479102
4.21836e-09
9.04881e-07
4.03455e-13
0.00664568
0.984248
0.00192275
6.31e-08
1.74919e-10
9.01501e-14
5.42966e-12
1.90477e-10
0.0872187
4.51539e-09
6.66134e-15
3.42781e-08
2.4869e-14
0.982282
3.03018e-08
8.92019e-10
0.929
0.00184245
6.69803e-07
0.00393236
1.94382e-09
3.98792e-13
5.23499e-06
1.22025e-08
0.000175788
9.57417e-06
0.0553018
4.08337e-05
2.83029e-10
1.30784e-13
5.36995e-11
7.10791e-07
2.23399e-12
1.09888e-06
0.00693579
2.15977e-09
0.00362323
6.14149e-09
1.09995e-07
1.00811e-08
1.7996e-07
4.49683e-11
4.48597e-07
1.12443e-12
2.36926e-05
4.32987e-14
1.80218e-11
6.66134e-15
2.65981e-10
4.17866e-11
1.88427e-12
5.62627e-08
0.000658276
5.67731e-09
8.81928e-10
4.30826e-10
0.983415
2.75335e-14
6.72795e-13
3.77476e-15
0.984181
9.98873e-06
0.0901484
3.9968e-15
1.36726e-09
2.36168e-08
1.59206e-13
0.000976366
1.75799e-11
4.23794e-11
0.00200863
5.34373e-08
3.45017e-05
2.79776e-14
7.26086e-14
7.75438e-08
4.51477e-05
0.0228822
8.03488e-11
7.41771e-07
2.07168e-13
5.4623e-14
4.62007e-10
0.817184
1.50102e-13
8.88178e-15
1.68189e-10
0.00210387
4.36096e-13
5.51115e-13
1.40557e-08
1.91735e-06
0.0019021
0.00102705
4.44089e-15
0.182435
4.54594e-06
1.65297e-07
1.22125e-14
1.02474e-12
0.957353
1.38334e-13
0.000175417
4.34985e-13
3.27249e-12
0.0106106
7.61134e-08
1.16533e-07
8.35998e-13
0.984053
9.79217e-14
0.00355354
2.4803e-11
1.22262e-05
0.983595
4.43291e-10
1.7583e-07
2.07234e-11
1.18529e-07
4.04121e-14
0.0251736
0.000142155
8.03594e-06
6.66134e-15
2.59771e-05
7.21479e-07
4.55191e-14
5.9337e-12
8.77285e-06
1.25655e-12
3.47056e-13
6.97713e-11
6.55032e-14
4.66294e-15
3.60156e-13
6.74815e-09
0.000157464
3.03185e-07
0.109983
2.52687e-13
0.966654
0.0561252
2.59792e-13
4.35207e-14
3.73035e-14
1.01914e-09
4.06275e-12
0.00893899
7.14732e-06
2.63773e-05
7.99361e-15
1.24745e-12
1.56056e-08
8.04297e-11
0.0102933
3.72689e-06
5.37166e-05
4.36523e-09
0.00203135
8.57596e-11
2.58408e-09
1.11192e-07
8.45768e-13
7.54952e-15
2.26041e-13
3.77476e-15
6.00409e-13
1.31006e-14
1.06149e-06
4.40603e-10
1.26565e-13
2.5943e-11
1.57652e-14
7.95941e-10
0.984293
7.34364e-05
7.99775e-09
7.30225e-07
5.68434e-14
2.9823e-08
0.984286
0.739716
0.000126777
2.04551e-09
5.25044e-11
1.31822e-10
0.316724
4.72885e-07
1.85415e-08
0.00113871
4.72955e-14
9.08104e-06
4.71759e-09
8.26006e-13
8.88178e-15
1.08736e-10
2.05478e-10
3.50366e-11
0.0111826
0.0869259
0.000774009
1.56183e-07
1.60049e-06
3.6473e-12
8.70415e-14
2.92538e-09
1.79012e-07
3.94325e-11
0.981549
1.46193e-08
0.185381
4.87166e-12
0.00394002
2.17604e-14
1.53433e-13
1.42619e-12
3.888e-13
9.72571e-11
0.000483818
1.23679e-13
2.70894e-14
1.93371e-06
0.119473
0.0105844
5.70655e-14
0.000329674
4.54984e-10
6.86509e-09
1.44315e-05
2.99074e-06
5.77316e-15
2.06501e-14
6.7453e-08
0.0553899
2.21747e-08
0.00026679
6.04268e-11
0.000545792
0.973998
0.0987174
9.45688e-13
1.7218e-05
2.2546e-10
6.38951e-11
2.80664e-13
1.30636e-09
6.04254e-11
1.22125e-13
2.28483e-09
5.18178e-09
1.24345e-14
0.980307
7.71508e-09
4.21765e-06
4.71204e-08
3.63092e-09
2.38451e-11
6.48526e-12
0.984267
3.77476e-15
2.55351e-14
4.62123e-10
8.9536e-10
3.89801e-07
0.000224009
0.983723
0.00449369
4.91189e-11
8.54872e-14
1.23679e-13
1.55329e-10
2.35196e-11
3.67093e-08
1.9984e-14
1.45439e-13
2.64592e-10
8.65974e-15
1.30915e-11
1.16416e-11
1.66533e-14
0.00229462
7.27776e-09
3.00157e-08
1.35691e-12
1.00585e-08
6.40703e-07
1.26854e-08
0.000232142
6.07514e-12
3.04068e-12
4.23079e-07
6.91048e-06
1.76305e-09
4.21885e-15
5.90846e-09
9.28146e-14
3.35287e-14
0.983251
2.11229e-10
1.28786e-14
8.49599e-06
4.44507e-09
9.36924e-10
1.51127e-09
1.29576e-08
0.000920691
3.77476e-15
3.49849e-05
1.10647e-05
1.41634e-09
0.000101906
3.39728e-14
1.26565e-13
0.00668295
1.1311e-12
1.71218e-05
3.63465e-12
4.40397e-10
4.74443e-10
6.21725e-14
8.11933e-07
5.34548e-09
1.61803e-08
3.9746e-14
1.02167e-09
0.982886
2.86882e-13
1.02141e-14
0.984031
2.24106e-06
0.000223086
7.07566e-09
0.00128701
1.4877e-14
0.0108037
7.54952e-15
7.82157e-10
2.63124e-06
2.61521e-06
1.4988e-13
3.01772e-06
1.71804e-09
1.989e-05
0.00237561
1.53542e-06
0.457303
0.000117202
1.32452e-07
5.64248e-09
8.47392e-06
1.55786e-12
1.08791e-08
0.000451936
3.55082e-06
8.77964e-13
4.30311e-08
2.82909e-07
0.00013402
6.02705e-08
4.35295e-08
7.97103e-10
0.00350133
6.43929e-15
1.35932e-09
3.35953e-13
1.51048e-08
7.79023e-06
5.69575e-06
0.000109528
1.3296e-12
2.52063e-06
0.956421
5.60841e-09
1.07632e-10
6.10235e-10
2.92788e-07
0.00314364
1.72668e-08
0.982236
0.984039
1.41498e-05
3.25517e-13
0.00010633
6.8476e-08
0.00357478
9.90213e-09
0.000347157
1.82077e-14
9.32587e-15
3.06611e-06
2.74609e-11
0.0307208
6.05145e-10
0.0431112
0.00540859
8.09508e-12
6.65476e-08
2.31325e-06
1.05693e-13
1.30562e-13
2.46219e-10
1.99979e-06
4.24105e-14
0.000141671
1.42027e-10
1.37325e-09
2.55351e-14
0.101292
1.04921e-09
3.33067e-14
1.41998e-12
0.0204085
7.77156e-15
7.41629e-13
0.980457
2.43805e-13
4.41136e-12
1.02061e-11
9.48679e-10
2.15013e-08
3.06427e-07
0.000134823
1.15426e-10
2.67042e-09
0.104935
0.00356646
3.888e-13
2.19824e-14
0.978927
1.64491e-08
4.20992e-09
1.11872e-05
2.43743e-11
5.11813e-13
4.89164e-13
8.43769e-15
8.79297e-14
3.96644e-09
1.18946e-10
6.8624e-06
4.94417e-06
7.08622e-06
5.32907e-15
0.956638
8.34983e-09
0.00175781
3.9968e-15
0.000275006
1.67666e-11
0.000697127
0.000389221
2.65058e-10
4.84279e-13
1.45111e-11
4.1005e-10
1.01208e-12
5.18627e-06
1.35946e-07
1.36168e-09
9.10383e-15
1.53211e-14
2.78385e-08
1.22191e-12
1.1198e-06
2.68658e-08
0.981909
0.984263
3.19917e-11
2.87548e-13
1.372e-09
1.06581e-14
0.00202389
1.90958e-13
1.5796e-05
0.0686852
5.09923e-11
0.000149615
0.000492415
6.79812e-12
1.04378e-10
2.71471e-05
1.04361e-14
5.37348e-14
4.61583e-09
1.61522e-11
7.52869e-05
4.11942e-09
1.77636e-14
0.000113675
1.01252e-13
0.00010053
2.37588e-05
1.03256e-07
2.2448e-10
0.00017669
2.02061e-12
0.414503
0.000306679
3.77291e-06
2.25016e-07
5.16387e-12
5.44111e-10
0.000651114
2.5091e-14
0.000332728
2.46153e-10
2.22378e-12
3.67031e-09
5.70981e-11
8.31387e-09
3.3672e-11
1.42173e-06
0.00712045
5.7554e-13
4.37723e-05
2.2065e-06
1.80685e-05
0.000132876
0.000164786
3.77476e-15
2.41429e-12
3.34621e-13
3.64536e-06
6.66134e-15
0.000136663
0.0295962
9.02167e-13
4.47924e-06
5.77316e-15
6.63529e-05
1.66199e-10
7.60815e-06
1.72458e-10
1.04744e-10
6.57252e-14
4.68469e-09
7.88986e-06
2.32377e-09
3.49886e-06
0.984184
2.36922e-13
1.8031e-09
5.35654e-05
2.15605e-13
9.42135e-13
9.34941e-05
1.53588e-12
0.984282
4.2292e-06
1.75471e-07
3.59694e-09
0.983974
1.74221e-11
7.50489e-05
3.41847e-05
3.65905e-10
6.66134e-15
3.79696e-14
7.54597e-09
0.983324
5.22965e-05
6.34648e-12
3.42417e-07
5.10703e-14
1.46899e-10
3.77476e-15
4.02546e-07
1.25847e-06
1.51879e-13
1.23411e-08
7.89833e-08
1.20145e-06
0.108642
2.36255e-13
0.0120904
2.10972e-06
2.69652e-07
0.00282659
4.03571e-06
1.58311e-11
2.31815e-11
2.62026e-11
4.251e-07
8.61533e-14
1.09567e-08
2.40574e-06
1.60154e-06
2.64233e-14
4.91926e-11
0.00379443
0.000627246
3.77476e-15
0.984221
0.0222509
4.17392e-06
1.62623e-09
2.30099e-08
1.16243e-09
0.000122825
0.000122621
4.55739e-06
3.61933e-14
1.10342e-05
0.0462036
0.984262
2.49781e-06
1.95308e-09
1.42045e-09
1.82077e-14
1.46647e-09
7.61569e-05
8.63873e-09
1.59872e-14
0.0883201
0.000422112
0.00021429
2.71534e-06
7.69313e-08
0.000991116
0.002372
3.67185e-10
3.65527e-07
0.00431604
9.3988e-07
8.14654e-08
0.567812
2.42149e-06
1.34877e-11
1.06581e-13
6.59563e-06
1.06581e-13
2.06719e-11
2.53442e-12
1.16795e-13
1.58641e-09
9.21485e-14
0.00430833
4.05898e-13
3.67573e-12
0.000249462
0.000853735
0.00016738
0.00935362
0.000223016
4.18992e-09
3.00061e-09
8.37888e-11
1.89402e-11
3.14386e-05
3.61489e-13
1.12589e-06
2.26672e-11
5.52299e-06
5.35889e-05
7.33191e-13
1.22681e-08
0.000638937
7.72864e-10
8.436e-10
1.01075e-12
0.0097026
5.46927e-06
5.51115e-13
6.42375e-13
0.000312178
1.9984e-14
0.964678
0.000203675
4.03767e-05
5.21805e-14
1.53625e-06
9.99201e-15
3.81658e-10
1.46771e-13
1.47403e-08
8.38523e-11
8.38325e-07
4.05903e-09
6.66134e-15
4.50367e-08
0.5383
7.10543e-15
2.67586e-09
1.41664e-13
1.19904e-14
4.05967e-06
3.4861e-14
4.73559e-10
2.01031e-06
1.39888e-14
1.69229e-07
5.45433e-08
1.63447e-12
0.00649548
1.55431e-14
6.60059e-11
7.00187e-11
5.22715e-05
5.12665e-11
3.79749e-08
1.86167e-07
8.72058e-06
0.984239
0.984285
7.90834e-06
0.0133476
5.06128e-12
3.17524e-14
5.82667e-12
3.9222e-12
3.10862e-14
0.0223211
0.00557484
0.0476158
0.98212
2.54707e-12
2.79776e-14
4.44089e-15
8.71156e-07
0.00026956
7.56921e-11
0.00158867
3.81475e-11
5.42655e-12
1.9795e-10
1.90068e-11
0.000205748
2.81291e-07
3.93106e-07
3.86551e-10
0.984286
1.43742e-10
1.02431e-11
4.68341e-07
0.000155182
9.72555e-14
0.00228118
2.05735e-10
0.237276
0.982289
0.00859435
6.77236e-14
6.43929e-15
0.279833
0.306503
5.59914e-08
1.09774e-11
1.17858e-06
2.04725e-06
1.41527e-06
2.65492e-11
3.77476e-15
0.000538417
2.34348e-11
1.4154e-06
0.000105847
2.35607e-10
3.90118e-07
0.00746996
1.92568e-05
7.44158e-11
2.5633e-06
5.10259e-13
3.30429e-08
0.0183923
3.89111e-12
3.77476e-15
1.17754e-05
4.03297e-05
1.46577e-06
6.65783e-06
3.93729e-12
8.09797e-13
3.83915e-13
6.03961e-13
6.02705e-11
7.9492e-14
1.41156e-11
5.9952e-15
2.67727e-09
0.000719026
3.07196e-10
0.00784281
1.86517e-14
3.15936e-11
4.27597e-06
1.75335e-05
1.84761e-07
5.27819e-09
1.82077e-14
8.91662e-05
3.4474e-11
1.34337e-13
0.0017119
1.37335e-12
0.000117136
7.23552e-11
3.04645e-13
4.27214e-13
7.93794e-10
0.984237
0.00991952
5.9952e-14
3.611e-09
5.83245e-12
6.17583e-09
5.30909e-13
0.0062307
7.85546e-06
0.980607
2.88168e-08
2.31879e-11
2.99623e-11
0.0480927
7.32747e-15
1.97768e-07
2.07272e-10
0.00022573
0.00257597
0.00031342
0.953662
0.000392328
7.77053e-10
1.3684e-07
1.71386e-09
5.46962e-12
1.22718e-07
3.0167e-10
0.000111306
0.000125254
0.0602627
3.09264e-12
4.9052e-09
8.57092e-14
0.0107095
1.39735e-11
3.0831e-05
3.54282e-10
0.0060506
2.93922e-09
7.10543e-15
3.44391e-13
0.863002
3.29026e-12
3.00263e-09
7.28285e-09
0.983983
5.26605e-09
3.28302e-08
8.21991e-11
0.984255
4.35567e-09
0.0226962
2.14906e-11
5.97211e-12
1.10507e-10
0.00141889
1.10059e-05
2.08805e-07
4.91829e-12
5.28833e-05
5.73497e-12
7.99361e-14
1.58184e-06
3.22994e-07
4.34466e-10
6.5942e-10
1.42775e-13
1.33264e-08
6.75358e-06
6.85469e-10
1.34685e-07
1.39316e-05
1.77535e-10
1.9364e-10
1.73283e-10
1.07314e-12
1.23457e-13
0.0042174
2.1561e-08
1.76064e-11
8.5897e-10
1.57379e-07
2.15161e-12
0.000392772
6.9751e-06
1.29992e-11
9.75289e-05
0.000321368
7.70058e-05
3.80895e-12
3.1819e-13
2.94653e-13
2.42544e-06
0.000276354
5.50671e-14
1.47358e-11
0.98007
4.71426e-06
0.00565733
0.00441511
8.50431e-14
4.42433e-10
1.36896e-07
1.00483e-09
2.42251e-12
1.87016e-09
0.976696
7.15492e-07
1.67877e-08
0.0503473
1.384e-12
9.23706e-14
0.00253173
0.0111262
3.55455e-07
3.84446e-08
5.93614e-12
0.975295
0.863666
0.983965
3.95461e-13
0.000247393
6.90395e-07
1.79359e-08
4.59218e-10
1.6897e-10
0.000751542
1.93742e-08
0.00253357
4.21885e-15
5.79821e-07
1.84694e-06
2.46109e-05
8.82783e-12
1.30826e-10
5.31022e-09
1.53262e-09
2.76055e-07
1.36556e-07
0.122602
2.47683e-06
5.14453e-09
1.50959e-08
1.50413e-05
6.63486e-05
1.59872e-14
1.5266e-09
6.48768e-06
9.18561e-07
1.15076e-06
3.57265e-07
4.80127e-12
1.44329e-14
0.984042
8.54872e-14
2.65888e-07
0.74444
0.000825682
0.00115072
5.09428e-11
4.92088e-07
8.93643e-10
0.172247
9.44799e-07
7.54952e-15
0.000169675
2.28848e-11
2.59286e-06
1.35572e-05
1.21533e-06
0.0214011
0.983005
2.08722e-14
4.41869e-14
0.000707594
0.984276
1.13243e-14
1.52534e-11
0.000193003
7.50067e-13
0.0176324
2.61747e-06
7.2899e-10
1.17667e-07
2.27282e-09
3.66938e-08
0.983911
0.000498784
0.0726511
5.07547e-11
0.946935
5.58409e-08
4.37418e-09
4.83985e-06
5.40723e-06
3.73622e-09
0.00901153
1.97824e-11
3.79523e-11
3.9341e-05
2.29716e-10
3.68479e-11
1.61424e-09
0.969572
8.75416e-08
9.74776e-14
8.05859e-10
2.37904e-09
1.08136e-12
5.59552e-14
2.65175e-09
2.35811e-13
1.28093e-06
6.55032e-14
0.0655842
1.39999e-12
0.0440844
0.000346662
6.21892e-06
1.07668e-06
5.30282e-10
0.984175
8.0987e-07
0.0328661
0.00610391
2.34487e-07
1.56763e-13
8.65974e-15
9.39484e-11
0.000241156
1.39278e-05
0.000221519
0.947197
1.64016e-06
2.50022e-13
1.24627e-11
0.980485
0.0061915
6.40417e-11
1.19199e-05
2.68226e-09
0.610512
7.42949e-10
0.981305
6.93637e-07
0.298499
0.957391
4.8446e-08
1.114e-12
2.40252e-13
0.00102318
4.23905e-12
0.10412
8.09415e-09
9.06741e-12
0.00781269
7.68281e-11
3.00869e-07
5.06262e-14
4.24105e-14
0.00711019
1.25011e-13
0.0111881
5.45253e-12
5.87537e-07
1.3547e-06
0.984279
6.14193e-09
0.0114312
6.13826e-08
0.00641467
7.01646e-07
0.000858024
0.983919
0.0569057
8.75053e-10
8.34736e-09
6.66134e-15
0.984241
1.57252e-07
0.00291158
2.55049e-11
0.000254622
0.000158919
1.16316e-11
7.71827e-13
1.27405e-05
3.88103e-08
6.78684e-09
8.82145e-05
0.982728
3.95239e-13
0.98347
5.41345e-13
1.51523e-11
0.00142481
3.76923e-06
7.25353e-12
1.37224e-13
6.28386e-14
4.23856e-08
7.32747e-15
1.33764e-08
1.33079e-07
1.48464e-09
0.0198501
8.11278e-09
9.20253e-10
0.984291
4.18998e-13
7.77756e-12
2.87082e-05
2.25674e-09
4.21885e-15
0.982429
5.59883e-09
2.48517e-10
2.98008e-09
3.19332e-06
0.0145848
4.85434e-08
1.91766e-08
3.8489e-11
0.0483979
0.983873
2.5751e-10
0.16895
0.000316784
0.00017641
7.27856e-08
4.09012e-05
0.00284875
8.61977e-13
2.43805e-13
5.74302e-09
5.93527e-10
2.75643e-06
3.11456e-05
4.92886e-06
0.0177583
7.99583e-13
0.984102
1.94289e-13
8.11795e-13
2.39715e-09
8.88134e-12
0.00698018
0.017759
8.29781e-13
1.46015e-07
6.17162e-06
5.01821e-13
1.0154e-09
1.91506e-07
0.0285326
0.984058
5.00707e-09
1.29703e-06
0.00107378
0.447932
2.75118e-09
2.33679e-10
2.80047e-11
1.12446e-10
0.337463
2.49962e-11
0.98378
2.18251e-10
0.984244
3.43725e-13
5.03263e-08
8.21565e-15
1.18894e-08
0.984235
1.0839e-06
8.29861e-06
3.81831e-09
6.81699e-12
5.73099e-11
0.984112
7.84003e-09
0.0187939
1.17794e-08
7.10543e-15
5.90574e-10
6.36425e-08
6.67071e-06
1.99702e-10
4.21885e-15
1.25433e-12
0.984138
0.223964
0.0211869
0.974411
5.9952e-15
1.06731e-05
0.0651195
3.32179e-13
0.0115458
6.27653e-12
1.9762e-14
0.667781
1.06358e-09
0.0443507
0.0120876
6.54103e-08
1.59872e-14
3.33067e-14
8.91465e-12
2.56017e-13
0.764349
3.28626e-14
5.42602e-06
0.00193992
2.68674e-14
1.07689e-07
9.9698e-14
0.00175436
1.9423e-06
3.78964e-12
2.03438e-07
1.02141e-14
6.66134e-15
1.26565e-14
0.963475
2.7203e-10
1.66161e-07
3.44169e-14
8.03049e-10
5.32907e-15
0.000398664
3.05501e-08
1.82077e-14
0.30031
0.979931
2.1072e-13
2.02689e-05
0.00103144
0.983692
3.40989e-11
4.83835e-13
3.92928e-08
5.32907e-14
1.05383e-05
2.02793e-12
1.02675e-06
3.71037e-13
4.67198e-06
6.21725e-15
1.33893e-13
1.53961e-09
0.0320108
9.41036e-09
0.984109
0.00107966
1.24767e-12
2.39342e-12
2.14104e-06
5.77316e-15
2.11258e-08
6.96089e-08
3.91243e-13
8.61442e-10
4.10783e-14
6.05646e-08
0.000285715
0.000138345
0.000212655
0.983739
4.26192e-12
0.984292
3.73411e-09
2.16569e-10
9.19861e-07
0.00597798
0.0404306
0.000965522
1.29652e-12
1.3617e-07
2.28018e-12
3.07636e-08
7.5416e-10
2.79776e-14
2.53672e-05
5.62633e-10
0.000625135
2.407e-07
5.43489e-06
2.28262e-13
4.47758e-08
2.3427e-10
0.981888
2.40713e-06
2.00424e-10
2.62323e-12
1.54603e-11
3.28626e-14
5.46331e-06
1.75138e-05
1.25218e-09
8.04652e-09
4.66294e-15
1.1605e-10
8.43614e-08
0.978097
0.98093
3.72103e-10
1.06581e-14
0.984262
0.0299745
0.00315305
9.73496e-06
0.982493
8.71416e-11
1.30273e-10
6.88338e-15
5.25069e-12
6.90962e-08
0.00929304
1.23901e-13
0.984224
0.207702
1.90958e-14
2.85188e-07
0.0363019
0.109719
2.56218e-06
0.000218221
6.6791e-13
0.68236
5.88314e-05
1.1357e-09
0.00218518
3.57639e-09
6.28317e-06
4.00791e-13
4.63283e-05
4.84213e-12
8.91355e-06
0.214586
4.88231e-08
3.96353e-05
0.0607557
5.05769e-07
5.57332e-14
2.80002e-09
5.43687e-05
1.08848e-08
6.75449e-05
1.39888e-14
0.980284
1.74695e-10
0.00866305
0.000624663
1.45031e-11
3.27505e-09
6.71707e-12
1.17257e-11
5.9952e-15
1.28667e-05
1.75181e-07
1.59517e-07
0.36679
5.93634e-06
0.0188586
1.13243e-14
0.983893
7.90394e-05
0.00247916
1.60009e-09
0.000230104
3.26807e-11
0.981814
2.81108e-13
1.99085e-12
0.00190313
0.00247978
1.52527e-11
2.55408e-07
0.983988
0.00384189
1.75522e-11
0.984291
5.77316e-15
7.32747e-15
1.39793e-05
0.000145107
2.96341e-12
7.12763e-14
4.50522e-09
8.52745e-05
5.49547e-08
1.17573e-12
7.60725e-13
0.00170968
0.000151409
0.0523948
5.90639e-14
9.74776e-14
0.970176
0.00178236
4.40933e-09
6.26166e-14
0.177897
3.17618e-06
3.77476e-15
2.4798e-05
1.77631e-10
2.39375e-06
5.38169e-09
1.94226e-08
2.5091e-14
2.6657e-05
0.000458126
2.81195e-05
1.06076e-10
5.409e-06
0.00991709
0.0276933
2.97646e-05
0.112893
1.2056e-05
4.91376e-08
5.24514e-12
9.21485e-14
0.491441
3.90812e-08
1.18375e-06
0.42019
0.00384761
7.31992e-12
1.95334e-05
1.65157e-12
1.81145e-09
7.61049e-10
0.0648612
4.80926e-12
1.42245e-07
1.50102e-13
2.0064e-11
1.58187e-11
2.02278e-06
1.48348e-12
7.50511e-14
1.69931e-12
1.21458e-13
5.1986e-07
1.75637e-13
0.00772279
0.262037
7.79377e-14
5.00036e-08
2.38698e-11
1.81135e-11
0.111671
9.92071e-07
2.55924e-05
7.96459e-07
1.64624e-11
0.00365526
1.37219e-10
0.00887069
0.979162
3.34345e-07
3.00101e-10
3.20311e-08
2.57951e-07
9.08112e-09
9.19886e-12
7.34962e-10
1.52042e-06
0.000580469
8.02469e-13
2.8819e-06
0.848248
9.12603e-14
1.26565e-14
1.22909e-07
0.00162942
1.92772e-08
2.50975e-05
0.0173072
3.25507e-08
0.156012
5.84384e-10
2.35182e-06
2.42029e-13
5.25291e-09
1.29275e-05
0.000217391
1.33227e-14
0.605285
5.2427e-12
4.92355e-07
1.54595e-09
0.000311608
5.3679e-09
2.12719e-13
5.86454e-10
4.22329e-13
4.06072e-08
0.0153101
1.108e-13
0.0125135
0.102436
7.05665e-09
0.000242172
1.80234e-12
2.43472e-12
4.56941e-11
2.39182e-08
5.77316e-15
8.69109e-06
1.56082e-07
2.40297e-07
6.63309e-08
3.07485e-06
8.87537e-09
3.41758e-09
1.52633e-12
1.7956e-06
3.15747e-13
1.08669e-12
2.01478e-10
5.77316e-15
0.981564
3.79927e-11
0.0375588
0.00568705
0.000202809
4.78597e-05
5.66214e-13
0.980514
0.00818358
3.15303e-12
0.105876
1.08029e-11
5.66821e-07
1.56875e-12
3.47722e-13
0.000478998
0.00409553
4.05009e-12
9.03178e-10
2.63011e-07
1.51346e-12
2.59421e-07
9.18849e-07
1.02705e-08
3.64886e-12
1.46438e-12
4.94471e-12
7.14073e-12
6.66134e-15
5.45874e-12
6.88338e-14
0.544789
2.1967e-09
3.81251e-12
2.49372e-09
1.11688e-13
0.000296923
0.98408
4.3982e-07
0.678404
4.93166e-08
0.0262753
0.0397384
1.00675e-12
2.12387e-10
4.59188e-13
6.64729e-05
4.12125e-10
2.99605e-12
2.10942e-14
0.951546
0.984158
3.44169e-14
0.00337702
1.59428e-13
3.95528e-12
2.61502e-12
2.83329e-13
2.80188e-06
1.76748e-13
7.10543e-15
0.00152643
0.720677
1.52518e-08
8.39537e-07
5.38147e-12
0.971963
3.16132e-09
1.44196e-07
5.33486e-07
0.984025
1.64313e-14
0.983824
1.63869e-13
1.71774e-09
1.75686e-06
0.982807
1.42109e-14
1.82764e-09
1.55704e-11
1.99142e-05
1.0465e-12
0.947908
0.000786974
0.003142
4.66243e-11
6.23945e-14
1.06359e-13
7.88644e-09
1.25677e-12
2.84413e-07
2.32861e-06
8.39853e-11
2.68474e-12
3.85529e-08
0.968606
6.61854e-05
5.94073e-08
0.11096
2.45704e-10
1.4282e-05
6.99441e-14
0.000117755
3.9968e-14
0.0281347
1.44329e-14
0.877542
1.30784e-13
0.00564121
0.000848213
4.79616e-14
4.6978e-11
8.54885e-10
0.0368961
2.17604e-14
1.34404e-12
9.12766e-05
8.08654e-08
2.75557e-12
4.32987e-14
2.79247e-08
8.50431e-14
1.44329e-14
7.57172e-14
0.0387378
1.34972e-11
3.21965e-14
5.66214e-12
2.80614e-07
2.17524e-09
7.97562e-05
8.9484e-14
0.00803788
3.6502e-06
0.0127512
2.9976e-14
1.19465e-09
6.82089e-06
1.0657e-11
1.78302e-09
3.37508e-14
3.64841e-12
2.08722e-14
1.02141e-14
1.55587e-12
1.03167e-09
8.21565e-14
0.981148
1.82624e-10
2.1072e-13
0.9795
8.33333e-13
4.22951e-11
6.9854e-10
1.24861e-06
8.92285e-07
2.41518e-12
0.98291
0.0191375
0.000152061
1.64313e-14
4.41562e-11
1.58915e-05
1.76525e-13
1.90958e-14
3.83456e-08
0.0266862
1.02468e-07
0.176892
0.115275
2.43576e-09
1.8312e-09
9.47603e-09
2.67271e-08
6.37182e-08
0.000161611
5.3539e-05
1.37374e-05
1.75029e-06
0.00045044
4.24105e-14
1.3852e-06
1.25004e-07
5.54734e-05
6.32752e-11
3.53649e-10
7.96779e-07
4.43788e-05
1.13795e-09
0.138039
5.38585e-09
1.72169e-11
1.67928e-05
2.48329e-07
1.21698e-09
1.21249e-07
0.00116956
0.122232
1.108e-13
1.60218e-08
4.24262e-07
9.10871e-12
0.983869
2.23599e-13
0.0137696
0.0244493
2.81997e-14
1.6106e-11
1.90026e-12
1.21236e-13
4.1083e-09
0.0098253
1.06803e-13
2.08716e-09
0.000363699
0.000549548
1.08177e-10
1.05116e-12
0.195812
0.00575896
6.70353e-13
1.90688e-06
3.92078e-06
8.10376e-08
0.0407894
8.15819e-11
1.60311e-08
5.15143e-14
0.000975531
1.08078e-09
9.55196e-11
8.9124e-11
2.56262e-12
0.00638958
0.0478257
2.73659e-11
0.000961431
0.0524221
0.976246
0.00328094
3.76514e-07
0.000151322
3.76304e-06
4.70004e-10
1.1082e-09
0.0156521
0.116245
0.000169665
0.979349
0.000501462
1.03788e-05
1.34074e-05
2.49851e-06
1.76985e-10
0.00289923
4.82503e-13
0.00253755
0.00250557
0.000311102
0.138785
4.13499e-10
2.49502e-05
0.00209502
0.000113432
7.10543e-15
0.00605983
4.64628e-06
3.83693e-08
1.36662e-08
0.000189927
3.02647e-13
1.46891e-11
4.00786e-07
9.6306e-08
1.13443e-12
2.12497e-13
0.00342907
1.59295e-12
1.24345e-14
0.0325426
5.5752e-06
9.07824e-07
5.3042e-09
5.9952e-15
4.9409e-08
3.76685e-10
0.000737128
0.977846
1.46001e-05
9.13492e-13
7.64677e-09
4.68359e-08
1.65614e-11
1.55089e-05
7.57742e-07
2.72626e-07
6.10317e-07
2.41952e-05
1.17684e-13
0.000381105
0.933359
7.36224e-08
3.13794e-07
8.35079e-11
2.30926e-14
3.7655e-05
1.13243e-14
3.21947e-06
7.53798e-06
6.68019e-11
8.9484e-14
6.82123e-10
1.44604e-07
0.716043
4.43039e-07
4.40359e-12
5.42926e-11
1.238e-07
6.06515e-08
2.0238e-07
1.95612e-11
0.00634104
0.00124704
2.05436e-08
1.03376e-06
6.95222e-13
1.06581e-14
1.84106e-11
6.24133e-08
9.12603e-14
1.57146e-07
2.99547e-11
0.978402
1.55402e-10
4.51519e-09
0.0071062
6.86957e-11
0.0369924
5.31108e-06
0.278279
2.51354e-13
8.77242e-09
3.46725e-11
5.2943e-11
1.06473e-08
5.8945e-06
3.40613e-09
0.00542504
0.983047
8.9207e-07
4.94364e-05
1.51159e-06
6.04766e-08
1.09912e-13
2.85691e-10
0.000718325
0.673569
5.65348e-06
2.4775e-05
1.9984e-14
3.25078e-11
0.010459
6.97225e-11
9.80845e-07
2.5748e-08
0.000152939
6.50591e-14
8.81487e-06
6.43929e-15
2.89335e-10
0.00977059
2.39302e-11
1.22002e-11
1.46327e-13
0.175949
5.32907e-14
4.24885e-06
0.00972611
1.45387e-09
0.602867
3.52313e-05
3.28626e-14
9.24372e-13
0.165783
0.00230745
4.56413e-12
1.72526e-11
1.86753e-07
0.937457
1.64933e-10
1.28497e-12
0.0002164
9.723e-10
0.000254501
0.000159185
9.38904e-10
1.20406e-08
5.22471e-07
5.55112e-15
0.984248
4.94837e-05
4.84643e-07
1.10543e-05
8.63154e-12
2.86821e-09
0.00622425
2.77137e-06
4.83003e-11
0.000232203
0.0212188
1.27911e-10
6.77896e-11
1.25435e-08
1.65001e-12
0.202827
8.02269e-12
1.8815e-09
1.90969e-05
3.5278e-11
0.852113
0.0180741
0.9828
3.77476e-15
9.71684e-06
1.26565e-12
0.000542463
1.70155e-10
2.48481e-06
3.77221e-07
2.34513e-07
1.28386e-12
4.56527e-08
2.34282e-07
2.40038e-08
5.50309e-07
1.38703e-05
9.06213e-11
1.05249e-13
0.000702951
1.28786e-14
0.984115
2.02374e-11
2.27596e-13
0.984
1.21622e-06
9.16822e-13
1.53211e-14
2.09319e-10
1.2117e-12
0.172967
0.00906282
3.43735e-07
1.70594e-10
1.20475e-11
6.16529e-12
0.0307478
0.0108628
0.000213116
0.00156477
5.35109e-10
2.13128e-08
2.08413e-09
3.5727e-13
0.122908
3.86315e-10
0.00799828
0.000654123
2.58075e-09
8.66507e-12
0.100705
0.0364695
4.22793e-11
1.40604e-08
4.48328e-10
5.20695e-13
4.61853e-12
0.0997693
4.24971e-12
2.02233e-06
4.04111e-10
2.43262e-06
0.000514434
9.08943e-08
0.890518
0.981191
1.23235e-13
1.42553e-13
2.69088e-06
0.392408
1.57237e-09
0.249582
5.22559e-07
9.34408e-08
1.11377e-09
3.2723e-07
