0.00212712
0.984432
9.58887e-09
0.984337
0.00216599
3.75255e-14
0.0182832
8.33256e-06
7.09942e-10
3.76232e-12
9.60547e-05
2.27844e-08
1.50768e-13
0.000186764
9.7155e-05
2.97657e-11
7.50854e-10
8.76543e-12
5.12232e-08
3.49474e-06
0.984479
2.64249e-05
2.63212e-08
5.60241e-12
4.28546e-14
0.00031547
2.87326e-10
2.20888e-05
5.95558e-05
1.42933e-10
6.36268e-09
6.41709e-14
5.46144e-07
5.20903e-07
1.08535e-12
5.01406e-09
0.906493
4.61897e-12
3.97915e-05
1.68917e-10
1.21776e-09
3.11876e-08
0.161988
1.51229e-05
2.70628e-12
1.20024e-11
6.71282e-09
8.40322e-08
4.34429e-05
3.86358e-14
1.84244e-07
7.59393e-14
0.0013967
1.73306e-12
4.11282e-08
4.45866e-13
4.87251e-07
8.77794e-05
0.00210029
6.57008e-06
9.59847e-07
0.0186328
5.87703e-11
0.00417584
0.981177
2.3892e-13
6.38548e-09
1.1252e-10
2.0411e-11
0.0100131
8.03357e-12
9.99382e-05
6.02646e-08
0.984172
1.9067e-12
7.67519e-12
2.6279e-12
3.57674e-11
0.984288
3.71505e-07
1.89347e-08
3.07176e-09
9.17626e-08
8.40504e-06
1.04734e-11
7.07058e-07
1.83162e-10
6.10481e-11
4.73754e-12
4.66294e-14
0.0140514
5.17239e-09
0.000131972
1.14882e-07
2.70677e-06
0.000376978
5.53388e-11
7.8766e-05
0.984473
0.0719192
0.984251
7.97096e-07
0.000489299
8.94767e-08
0.000105985
3.3029e-07
2.44826e-05
2.367e-13
0.00346162
6.48468e-09
5.87805e-06
4.94564e-09
1.35977e-05
3.21095e-05
0.00921093
3.24554e-05
1.3145e-13
8.11321e-08
1.76986e-08
5.26608e-08
5.63448e-07
6.15313e-06
8.53662e-07
0.00374006
4.99096e-05
1.34377e-11
0.00185434
0.0049237
0.984212
6.64437e-09
0.984493
1.74991e-08
0.000567173
6.65825e-07
4.55008e-06
8.89077e-10
1.62334e-08
0.984462
1.24769e-07
0.97773
0.000599097
0.901005
0.167097
2.02061e-14
1.15019e-13
2.72935e-11
0.00268049
8.07484e-06
7.83595e-13
4.84544e-06
9.57012e-13
1.24135e-09
6.6145e-07
0.23886
0.00754016
2.2303e-11
5.48441e-11
0.00547418
1.33306e-05
3.22187e-13
4.38466e-05
0.00063426
0.00554606
2.45615e-11
3.05529e-06
1.47257e-05
2.02018e-11
6.25693e-09
1.10181e-11
0.0633551
2.81363e-06
1.77636e-13
0.00122122
0.183726
0.984502
2.71273e-09
0.984486
5.78796e-10
0.00475194
6.35048e-14
0.00149997
0.000103889
8.64427e-05
5.68846e-05
1.78608e-06
7.35485e-07
4.43201e-13
1.17684e-13
0.0317805
3.61267e-13
4.9624e-05
6.03946e-09
0.98443
5.30139e-06
0.156808
0.984365
1.28694e-09
0.00128006
0.981945
2.06816e-10
2.79294e-08
8.08916e-05
0.984395
1.82321e-06
0.0025014
5.98288e-06
0.984447
3.38662e-09
3.50633e-08
1.29378e-06
4.61955e-09
1.77385e-08
3.16352e-05
1.62761e-09
7.42751e-10
8.24008e-13
7.53243e-08
0.00129922
2.33101e-10
7.79433e-10
1.40399e-12
4.72993e-09
0.140459
0.000143733
1.60915e-09
2.13163e-14
3.4158e-06
4.79906e-07
2.03861e-07
0.00121324
2.28662e-12
2.76684e-08
4.53637e-13
2.75718e-08
0.98443
6.43083e-11
8.01949e-09
2.59925e-12
0.849521
1.37206e-09
4.37428e-14
0.00851372
0.00351803
0.000765295
0.000884825
4.58655e-12
8.46296e-10
9.80848e-07
3.75255e-14
2.02552e-06
0.00243993
2.26263e-13
3.81581e-07
3.15907e-11
0.00181637
0.00120595
0.984275
7.09972e-05
2.23377e-13
2.21319e-06
0.984383
0.983295
4.15445e-12
3.78368e-11
1.59872e-13
0.00132608
5.2359e-06
0.984266
1.67445e-05
1.5965e-12
1.09386e-10
0.0138458
0.0183511
0.000654417
3.21718e-07
0.984409
5.03932e-09
5.76647e-08
4.76176e-07
1.42174e-06
5.30632e-09
0.000851825
2.9976e-14
0.98445
9.57189e-06
7.52491e-11
1.9984e-14
0.98449
0.000434805
0.460019
0.00258503
0.983474
0.000925165
0.124622
6.50276e-08
0.00489972
5.65326e-13
1.07386e-06
1.88079e-05
4.4853e-14
2.67617e-07
0.000230373
5.85088e-13
0.142689
0.00237919
1.00808e-13
0.983892
0.000586827
0.0302093
2.89546e-13
5.57332e-14
5.40468e-08
2.43827e-12
1.94289e-13
5.10147e-12
2.14186e-07
0.00152658
3.41949e-14
0.000321798
0.00010779
8.21521e-12
3.38435e-09
2.7605e-07
2.06279e-13
0.00159407
2.38753e-09
6.8031e-10
3.62252e-11
1.91074e-11
0.00371807
7.19425e-13
0.984482
1.4276e-07
2.31023e-06
0.0124965
0.54654
2.3026e-12
4.60102e-08
3.90341e-09
1.82074e-11
3.16856e-05
0.0140976
3.52881e-05
0.00465892
0.000338352
0.00612097
0.984481
0.0143676
3.08642e-14
0.00213397
2.69227e-10
0.984295
2.02061e-13
0.344389
5.98089e-06
0.00107084
1.63498e-10
1.46295e-06
6.10495e-08
8.45661e-11
9.48127e-06
0.982754
0.000978654
5.89004e-11
1.14797e-12
9.12777e-10
6.57252e-14
1.95399e-14
0.0135772
0.00151718
0.984351
5.38267e-11
0.000902385
1.99498e-08
1.42905e-08
2.61577e-10
0.010586
0.0187057
3.84137e-14
8.11524e-08
1.01918e-13
1.43086e-12
3.34877e-06
1.59716e-09
2.72626e-09
6.35623e-06
0.00155952
0.000336757
4.89852e-10
0.00015984
0.00366856
2.85362e-10
6.95881e-08
0.984498
0.000584997
2.70273e-12
0.00160957
0.000141306
7.17204e-14
0.98426
2.86802e-05
4.41647e-13
0.000378015
4.04967e-08
1.36446e-07
1.61375e-05
1.1844e-05
0.983464
2.71249e-07
1.08402e-12
2.39898e-07
5.59924e-07
0.984434
4.62135e-06
0.0013699
0.00222699
1.75671e-05
1.04139e-13
8.83738e-14
7.49636e-09
0.984268
5.00575e-11
0.00292206
3.80518e-12
0.146191
0.00022324
0.982505
0.984402
5.15352e-10
5.24008e-11
2.94974e-05
2.79186e-11
0.984282
2.66293e-05
0.0186584
2.80886e-13
0.000923241
2.42772e-08
0.979748
9.70957e-12
5.49048e-06
5.48156e-06
0.00182486
0.000284058
8.92619e-13
0.000248232
0.984276
6.01285e-09
1.56855e-07
1.57314e-06
1.28098e-12
1.18417e-06
0.000819465
0.000781291
1.54129e-08
7.91596e-07
4.13363e-10
5.05254e-09
0.016647
6.10623e-14
0.0131277
4.20828e-10
1.90936e-09
0.0230992
5.17152e-09
1.76656e-10
2.17337e-09
0.984459
1.47238e-11
0.359692
1.01721e-05
3.13748e-07
0.98445
0.000386945
6.27831e-12
1.22115e-07
1.16067e-11
8.98031e-05
0.00144913
0.000142209
5.70041e-06
4.81581e-09
6.97377e-05
2.9323e-10
4.43644e-09
0.00195569
2.7223e-06
1.04944e-05
2.32588e-06
0.984488
0.984484
1.97885e-05
2.2619e-11
0.984402
0.000411818
0.00276853
0.00177475
0.00590263
4.41869e-14
1.13342e-05
0.00123775
6.58476e-09
0.00143487
9.32698e-12
5.51319e-08
0.00273192
0.984377
1.06137e-13
2.45162e-06
2.49944e-05
0.000834685
1.35523e-07
8.59181e-07
4.90287e-07
4.53558e-07
0.98437
0.0173452
7.26738e-07
4.3548e-06
1.51656e-12
9.29707e-08
1.04556e-10
3.19564e-06
0.00010939
0.984472
2.77955e-06
7.34457e-12
1.23396e-08
6.82556e-10
1.40932e-12
4.77489e-11
6.5794e-12
6.91838e-10
5.55346e-10
2.39142e-13
0.000230295
4.24717e-06
4.77975e-08
2.77685e-08
1.21406e-07
9.59677e-13
1.32988e-05
3.21521e-13
3.10862e-14
0.0306167
7.35166e-05
0.0355087
0.984178
2.50022e-13
0.973674
2.43506e-06
4.08137e-10
7.08973e-10
3.08042e-12
1.9935e-05
0.000110117
2.30002e-10
7.74747e-09
0.0025357
0.983903
0.000176507
1.13509e-12
2.39255e-11
1.94311e-06
0.000215358
1.30212e-06
1.09501e-10
0.983811
2.52729e-11
2.15981e-07
5.24025e-14
1.82351e-06
2.95457e-08
4.5246e-12
1.12687e-05
0.000387661
3.03539e-11
3.31935e-06
0.0209666
3.47722e-13
0.00044581
6.43812e-09
0.001159
1.96911e-11
0.000116885
7.72821e-10
4.31227e-07
3.17524e-14
3.62155e-13
1.07002e-06
3.93244e-09
4.0703e-06
0.00434167
0.983343
2.98852e-11
5.13452e-11
5.08309e-05
1.12342e-07
0.0107994
1.48331e-07
2.5544e-12
0.984325
1.59561e-12
2.37588e-14
0.984497
1.43663e-13
1.02037e-10
0.000628415
0.0257307
2.53291e-10
8.4566e-08
0.984503
2.39808e-14
1.04002e-06
5.5575e-10
4.97072e-08
1.44261e-06
2.21692e-05
1.31088e-06
8.59882e-10
2.54155e-07
1.05653e-08
0.000123013
1.67668e-10
1.40129e-06
0.00420585
2.46727e-11
1.44753e-11
7.90437e-11
0.044629
6.97664e-13
3.3827e-06
7.61782e-07
4.93963e-11
1.36354e-08
0.984187
1.57564e-06
1.04139e-13
1.61271e-12
0.00107972
0.984377
3.22685e-09
0.171679
0.984204
0.000112838
1.53494e-08
5.93101e-05
0.00153241
4.1199e-05
0.00779757
5.58403e-05
0.000124111
4.7628e-07
0.983843
7.19425e-14
1.81583e-08
0.00046511
1.57762e-10
0.000491586
9.38722e-06
7.27317e-10
1.01084e-07
9.88352e-11
0.0180489
7.68186e-12
0.00104241
0.984498
0.984494
4.62075e-13
4.18964e-05
2.3307e-10
0.0286849
0.0185291
9.54792e-14
0.000236363
4.0009e-07
1.75681e-05
4.86526e-11
2.73933e-05
0.0128864
5.92407e-07
2.51316e-06
9.23071e-11
0.000781906
2.15016e-05
0.983228
6.23957e-07
1.69452e-06
1.99862e-12
0.000602692
1.77949e-10
0.0017009
1.69658e-08
5.85088e-13
0.00489547
0.000704073
0.983982
6.28492e-06
2.17826e-10
2.61829e-05
0.000507757
6.81432e-08
1.73135e-06
6.20621e-06
3.96423e-10
1.02718e-12
2.79441e-05
5.62245e-08
2.14232e-07
0.00721462
0.0149742
8.14534e-08
1.08739e-06
0.000154212
0.984021
3.95017e-13
1.30615e-09
1.50792e-05
0.000704167
1.86829e-08
1.31534e-10
8.2207e-07
1.52768e-09
1.39644e-12
7.25553e-12
1.90442e-05
2.51542e-10
9.93353e-10
0.000143915
0.00215656
0.982518
0.00312136
3.98126e-13
3.38679e-07
6.78166e-11
0.000943492
3.08093e-08
0.00105521
2.1915e-08
0.0741964
0.00344978
1.51079e-12
0.00125212
4.07677e-10
2.09485e-07
7.44126e-08
5.65891e-10
2.12601e-10
2.91832e-06
7.30875e-10
1.48415e-12
5.37534e-06
2.14939e-13
8.21909e-07
0.175569
3.32746e-09
1.13065e-11
0.925541
1.07572e-06
0.000226194
0.004376
8.08247e-11
0.000207678
1.74971e-13
0.143762
1.86613e-11
0.000322754
6.47591e-11
0.0131607
7.07434e-13
0.00240216
3.41182e-10
6.74926e-09
1.22981e-06
8.89214e-05
0.00120991
0.984241
1.07516e-11
6.16347e-05
2.06691e-08
2.96151e-08
1.17593e-06
0.984475
0.00519945
0.00114275
6.95527e-09
0.98414
0.016057
1.68941e-10
8.72635e-14
5.22815e-10
2.52147e-11
0.00292861
4.99847e-05
2.39808e-14
7.17204e-14
4.23752e-05
2.96776e-06
2.18714e-13
0.128104
1.87872e-12
0.00829002
0.0332232
0.00134953
0.233247
3.80806e-13
1.9762e-14
9.55943e-10
1.94467e-11
1.21117e-05
0.98449
8.34847e-07
3.08642e-14
2.79887e-12
1.6197e-07
0.00431618
0.984314
0.983748
0.00852021
3.33491e-08
0.000497625
0.000141901
0.984485
1.43588e-07
1.6828e-10
0.000700059
8.12683e-14
0.00468752
3.27799e-07
5.86961e-05
2.01141e-06
0.941468
9.30204e-05
8.46602e-07
4.33717e-09
0.984451
9.19145e-07
3.19744e-13
0.000429179
2.14495e-13
1.04405e-12
1.36079e-06
1.8789e-09
0.000168379
2.1283e-11
0.0136594
0.000117223
0.0180578
0.00029052
4.56321e-10
0.984212
2.72671e-11
3.9156e-11
0.05079
2.34215e-06
6.26312e-11
1.99293e-07
1.9762e-14
0.0001203
2.9754e-14
2.84226e-09
0.0656674
0.00217335
1.50436e-06
6.83113e-06
1.1091e-09
1.22934e-05
5.78981e-05
4.45198e-07
0.00874392
0.000110081
0.00471192
0.000491494
2.60952e-07
0.984385
0.000493616
1.17165e-07
1.52345e-10
0.00018784
0.00926573
6.67794e-06
0.000228415
6.69957e-09
0.0002825
6.71937e-10
9.741e-08
0.983923
7.96358e-08
0.984397
2.57924e-05
6.32088e-11
0.984395
2.04969e-12
8.45795e-08
5.41389e-12
2.00851e-09
5.08355e-06
2.47618e-07
0.984445
1.28387e-10
0.00507263
8.84857e-08
0.000101641
5.9952e-14
4.4853e-14
1.8674e-13
3.98282e-06
0.0308203
1.29674e-13
2.06692e-06
2.81031e-07
0.984051
6.14851e-09
1.25011e-12
0.983156
0.00864227
8.58642e-06
0.0588293
0.0012245
1.03983e-12
0.00126634
0.0012504
0.000799508
0.00419243
1.84807e-05
0.000575082
1.02369e-06
3.11975e-09
1.01375e-06
2.03355e-08
0.983901
1.31966e-08
0.00225488
5.57776e-13
0.000365865
2.93289e-06
9.33093e-06
0.00243296
0.00139866
2.09499e-12
0.0434029
2.30009e-07
0.983158
5.06262e-14
2.15583e-11
0.000788192
3.24986e-06
9.0897e-06
1.5743e-12
1.13864e-12
2.41906e-08
5.12382e-06
8.12973e-08
0.000167249
1.98352e-12
2.52887e-12
0.000823079
3.30843e-08
0.00290565
2.77052e-05
8.80732e-09
4.14542e-05
5.95524e-13
1.63658e-07
5.21427e-12
9.89574e-07
2.06904e-05
2.92278e-05
9.85223e-09
8.08137e-07
0.98386
2.36366e-12
0.984469
0.00115788
3.36227e-11
1.41683e-08
1.56574e-09
1.98321e-11
1.27187e-12
0.982615
5.11905e-08
0.000163682
5.44696e-06
0.429757
4.18761e-06
0.00254796
0.00225823
7.51184e-08
0.984473
9.83658e-14
2.02597e-07
0.984464
0.00579354
0.974906
0.00705083
0.9845
1.26366e-12
0.000669587
8.24593e-08
2.1938e-13
5.02584e-10
6.75964e-06
6.40011e-10
9.19813e-05
0.984169
4.05453e-13
0.000236456
9.38583e-13
1.97748e-11
3.19511e-05
1.7951e-07
2.08329e-08
6.53699e-13
2.3006e-06
2.51079e-08
5.45675e-12
1.6338e-09
0.0145894
0.000177925
1.06287e-10
0.982636
1.02439e-08
3.72501e-09
4.69757e-08
5.97233e-12
6.65179e-12
2.04907e-08
0.981959
2.50036e-09
9.59203e-05
0.984475
0.206095
7.95142e-13
0.983943
2.63579e-05
2.01617e-13
0.0220315
2.68243e-07
8.13682e-12
0.984472
0.00207853
8.61441e-10
0.982791
1.32097e-06
0.00793235
1.1696e-09
2.96768e-08
4.85298e-08
1.39434e-08
5.08374e-05
0.98424
0.0327804
4.02414e-09
5.68896e-05
0.000427229
0.0128752
2.52178e-08
1.85872e-05
7.08478e-09
1.68947e-09
0.98432
1.17129e-12
1.53099e-06
7.66867e-11
0.000184751
2.51577e-13
2.55351e-14
0.0323769
1.25683e-06
5.93288e-07
1.15452e-05
1.21779e-10
1.07132e-06
2.50779e-08
0.00111737
1.16795e-13
0.00320824
0.000846409
0.0123629
0.984323
2.83738e-05
4.64096e-07
1.20428e-10
0.00761017
0.00464344
0.105926
2.38009e-08
0.139452
1.26239e-06
0.984217
5.40379e-11
2.1268e-08
0.000279599
1.40278e-06
2.9917e-08
3.77534e-11
0.00197848
1.91293e-07
1.1966e-12
7.815e-08
3.23455e-05
4.20048e-07
0.984437
2.96648e-06
2.54719e-07
0.98388
0.000775999
0.984409
0.0361473
0.975236
1.01946e-10
0.000357902
1.02784e-12
2.53131e-14
3.48388e-13
1.66451e-11
7.01549e-08
0.245124
4.36828e-12
0.000351157
9.17355e-12
0.984421
1.68873e-05
1.93623e-13
0.984288
5.37775e-08
2.33369e-13
0.149192
1.63097e-10
6.86578e-08
0.00108837
7.21844e-07
0.000924462
1.32458e-11
2.62203e-10
3.79274e-12
1.01251e-09
2.20228e-11
3.68594e-14
1.54052e-07
3.52459e-09
5.52891e-14
0.000349615
2.62931e-06
0.984475
1.05591e-06
1.12725e-11
1.00719e-12
3.81602e-05
4.9412e-11
0.983724
3.15303e-14
0.000121532
1.02413e-05
2.94629e-11
1.14244e-06
1.1974e-11
1.38218e-07
0.866067
5.93782e-09
3.11862e-06
0.00700464
6.14537e-05
0.000284509
2.36668e-11
5.97877e-12
4.88421e-10
6.09101e-07
3.2536e-07
8.59313e-14
0.0105379
0.000188645
5.4512e-13
3.32385e-05
1.14829e-06
1.45416e-05
5.69633e-07
0.0222431
2.57416e-12
0.00341549
0.984502
0.984293
0.984154
8.55095e-06
2.37965e-12
0.000491357
8.9449e-05
2.23255e-06
0.0118255
7.31501e-08
0.00430336
2.03089e-05
1.33128e-10
1.07771e-09
0.00463553
4.02638e-09
0.00122786
4.43038e-05
0.0206478
6.85561e-06
1.37347e-09
3.05785e-08
0.00165678
0.984305
0.984258
2.04322e-07
0.00271184
0.984428
0.000313947
4.94145e-11
7.93131e-05
3.73673e-06
0.927148
9.48988e-08
3.80733e-05
0.00232355
3.04274e-06
5.07505e-11
4.17304e-11
0.00231743
0.00043972
4.50311e-08
3.00759e-12
3.96302e-06
3.16937e-06
0.980834
1.84657e-11
0.000353453
4.3382e-05
0.00165294
0.972966
2.05552e-05
8.75966e-13
1.26565e-13
0.0250332
2.40031e-09
0.000138616
3.25679e-08
0.0139509
0.00100556
1.31894e-13
1.42824e-10
0.000225746
6.96544e-09
4.88498e-14
7.74936e-14
2.20597e-07
7.6894e-13
8.98652e-07
0.000281412
1.23754e-06
9.29439e-09
6.32907e-09
5.45282e-10
2.16049e-13
4.93335e-06
0.00417817
4.91926e-11
2.17403e-08
5.95524e-13
1.29784e-10
0.984465
1.65275e-09
2.35914e-10
2.69084e-08
0.983675
0.0002995
4.94618e-06
0.000467241
0.0645265
0.000369971
3.44603e-05
2.5091e-14
0.000333628
0.00372212
8.46189e-10
2.55705e-06
3.08253e-11
9.08655e-05
2.86158e-07
3.29259e-07
3.28628e-10
3.03727e-09
3.11777e-09
9.07007e-10
1.84658e-08
1.69767e-05
0.983935
0.000685596
2.06049e-09
0.97115
0.983332
6.33444e-06
0.984044
4.57412e-14
5.29849e-05
1.23845e-08
7.35041e-10
1.48954e-11
1.67821e-11
7.24087e-13
1.26493e-08
3.722e-07
3.13305e-12
5.91971e-13
3.68891e-09
0.0113761
9.66849e-12
1.08345e-05
1.39446e-11
0.000358517
2.45893e-05
2.40112e-11
4.80282e-13
7.62834e-07
1.04044e-07
0.188043
1.75704e-12
0.000507466
0.00396178
2.66565e-12
1.56793e-08
0.000485098
2.21789e-11
8.45909e-08
5.92648e-10
0.984495
0.984455
3.30224e-06
4.03899e-13
2.45137e-13
7.41718e-11
0.984492
7.29742e-08
7.70495e-14
0.0282422
7.64404e-05
4.41331e-09
0.983913
8.83964e-06
9.07577e-10
0.981749
1.23109e-05
2.25197e-09
8.56429e-08
0.00117543
0.00237784
0.00544924
5.47629e-12
9.63642e-07
5.07463e-08
7.44421e-08
0.983075
2.26382e-09
2.5091e-14
2.53328e-11
7.28937e-07
0.000228687
3.65007e-10
0.843387
0.00115584
7.70757e-07
2.53821e-11
2.28833e-09
3.75772e-07
1.20517e-11
7.28205e-08
3.10333e-08
7.93365e-13
0.00537818
0.00763579
3.29494e-09
0.00021841
0.984485
9.00855e-07
2.76201e-12
5.75594e-05
8.34102e-11
0.00107484
0.000294663
8.1779e-13
2.57961e-07
1.19171e-12
7.92896e-09
0.0165594
6.63913e-13
5.59095e-11
8.76938e-09
0.982782
6.51621e-11
6.36545e-06
1.98621e-08
2.4253e-11
5.01161e-11
0.00248213
2.9871e-08
0.0077845
0.00105332
0.983082
0.935038
1.6827e-07
2.04281e-14
3.73035e-14
5.04374e-12
2.67402e-11
0.00278886
0.983868
2.81974e-07
7.76601e-12
0.983525
1.68741e-05
5.91735e-06
1.28922e-05
5.952e-08
1.05369e-11
0.000212157
0.000712744
0.00434571
4.22058e-11
2.9137e-08
5.49321e-05
3.4545e-05
0.00241252
5.52469e-12
8.74992e-10
4.08562e-13
1.97607e-09
2.37072e-10
0.984492
4.86762e-08
0.0430675
0.000221771
0.984397
4.06342e-14
0.000244769
0.979254
0.984308
5.5218e-06
0.049297
0.00164762
4.67051e-05
6.357e-07
0.0191779
4.42238e-07
0.000252235
8.81403e-08
8.27712e-05
4.92687e-08
8.69198e-06
7.01661e-14
2.43141e-07
3.1436e-11
0.00139178
2.19824e-14
8.10232e-11
0.000444203
0.000277269
9.88781e-06
0.148901
0.000366201
1.00924e-05
0.000173837
1.096e-08
1.33548e-09
1.74624e-06
1.1493e-12
5.79391e-08
9.58394e-06
0.00150091
1.0729e-06
0.000387285
3.69815e-12
1.71216e-07
0.984424
1.19827e-06
4.52527e-13
2.60814e-12
2.00281e-09
0.000298841
2.21542e-09
5.61995e-12
0.013676
3.77476e-13
7.08256e-05
7.43849e-13
0.000265929
0.00810213
2.77495e-07
0.000427604
4.35807e-11
1.10705e-09
3.63022e-10
1.21149e-08
0.984361
9.93458e-07
3.82199e-11
1.05653e-10
3.91963e-06
3.15111e-05
0.984465
2.72654e-05
6.01328e-05
4.59814e-11
4.02389e-12
1.05227e-12
1.78019e-07
6.48315e-06
0.984299
0.984027
0.00329782
0.00340407
1.63553e-06
1.36138e-11
0.000159011
5.68434e-14
0.00355519
2.28484e-13
3.43281e-13
0.984491
4.75308e-08
0.984454
0.000241998
1.51754e-11
6.31495e-13
0.000626133
0.038412
0.984147
2.793e-08
4.61853e-13
0.984453
3.94726e-07
1.95399e-14
1.21969e-12
6.36757e-12
0.984426
2.27095e-08
1.34459e-09
5.66382e-11
3.77702e-05
1.95399e-14
4.73146e-06
2.2221e-06
3.54042e-09
3.99796e-11
0.000765769
0.0127086
2.37588e-14
3.37949e-08
2.98848e-11
6.02123e-07
0.0587068
9.68372e-11
2.70643e-09
1.79676e-10
6.46113e-10
0.984346
0.0084717
0.00367214
0.0309599
1.4667e-09
0.0001995
3.43925e-12
4.77396e-14
9.2295e-06
6.18498e-05
2.72536e-07
2.6557e-11
2.04385e-07
2.27052e-11
0.00289107
5.55156e-12
0.00873274
0.00070178
0.974625
1.16795e-13
5.30167e-09
0.98422
0.984388
0.00301875
2.97742e-11
1.28781e-11
0.0024435
7.49525e-10
0.0700571
2.24899e-05
0.00122706
0.984442
1.51523e-12
0.0904192
0.0630108
2.88059e-06
8.21922e-09
6.33229e-06
2.99964e-05
1.14118e-07
8.4076e-10
0.0277785
0.000833036
5.60534e-10
1.71315e-08
2.09029e-07
1.42123e-10
0.984391
0.00068944
3.7395e-07
0.0395404
0.00289342
2.17469e-09
4.06697e-07
0.0216848
0.98449
3.06422e-14
1.16559e-09
5.95823e-05
8.56802e-07
0.000254544
5.86529e-11
6.03961e-14
1.42863e-12
0.983329
0.0142165
4.29055e-11
0.0006542
2.35946e-06
9.85767e-12
0.984317
2.13591e-11
0.0421375
1.35003e-13
0.984503
0.0194702
1.87288e-06
8.26142e-08
7.46304e-08
2.66454e-14
0.00022069
2.87354e-08
2.43695e-08
0.00693729
0.00105281
0.000194765
3.44536e-09
4.03144e-12
2.72931e-06
3.72791e-07
7.37341e-10
0.979196
1.26565e-13
0.983744
0.0595423
7.96601e-09
1.49392e-12
0.00169481
2.40379e-05
0.000429767
8.0155e-10
1.1914e-11
0.000224391
0.0523739
0.984489
0.981863
3.50881e-06
0.000183093
0.0120193
0.00562338
0.000777733
0.000502937
0.98207
0.000397469
1.81689e-05
9.85651e-08
0.984006
0.00187163
8.35382e-06
1.86373e-08
0.0203381
7.32281e-09
2.98495e-12
1.63219e-09
9.67531e-08
1.14193e-10
0.0258833
2.98917e-05
0.000194751
0.98411
2.38297e-08
3.4861e-13
0.0353724
2.80921e-09
0.0858653
7.63833e-14
0.000112093
2.71726e-08
6.77371e-09
7.68363e-12
1.07598e-11
0.0141996
0.01367
5.17364e-14
4.9863e-06
2.98606e-09
0.966562
0.984036
0.000583398
1.24112e-11
4.91381e-06
5.81979e-13
1.77547e-12
8.18954e-10
1.4018e-06
1.16351e-13
3.17968e-13
1.34792e-11
2.01766e-06
1.13558e-11
6.58806e-13
1.46411e-08
1.68233e-07
9.83515e-06
1.23927e-06
5.28753e-11
1.38201e-11
3.12725e-09
0.0138408
3.55015e-10
1.34559e-13
0.000243358
6.92784e-10
3.98889e-09
2.89377e-05
1.15987e-06
1.52967e-12
2.5518e-07
2.70894e-14
4.19838e-09
1.49261e-10
0.984037
1.09357e-05
5.1853e-08
0.00071609
0.0927732
0.98443
0.00170596
3.52815e-07
2.07035e-06
0.0141784
1.14059e-05
0.0154283
0.984379
1.01724e-09
9.13272e-10
3.74074e-10
3.75017e-06
0.984415
7.84878e-08
0.00366653
2.64055e-12
0.98442
0.00910801
0.0232921
0.00834765
9.52362e-08
8.65186e-07
0.176504
0.209531
0.000266043
5.17579e-11
3.95401e-07
9.79223e-07
4.90544e-08
1.63691e-12
0.983139
3.17821e-11
2.03085e-09
5.42033e-05
3.24185e-14
0.00120166
8.53297e-11
2.96018e-09
1.64257e-08
0.984445
3.06212e-09
6.06182e-14
0.977071
0.0371457
0.000499533
1.03776e-08
0.983445
0.000127008
2.32184e-09
0.000126927
0.128156
5.49116e-13
1.43507e-12
3.36212e-05
0.00156197
4.10087e-06
1.30984e-12
1.95399e-14
0.000732625
1.33227e-13
0.984196
7.26219e-06
0.00215727
0.000730646
0.984482
2.17446e-08
1.17871e-07
7.04888e-10
3.15703e-12
0.984357
2.27742e-05
0.984106
0.983245
6.1667e-06
1.56564e-05
0.0871501
1.46503e-10
0.00158537
3.01104e-08
0.000725723
7.32303e-13
0.984483
2.94253e-09
0.0340796
0.984317
2.62826e-06
9.7291e-08
2.28706e-14
1.48857e-08
1.0712e-06
8.12185e-05
4.41326e-06
0.000343719
1.38808e-07
1.39104e-11
0.0343269
1.80378e-07
7.9785e-07
0.0263515
3.91988e-06
0.984413
0.000869428
7.25382e-11
0.983718
2.75102e-05
0.984422
0.984477
1.12395e-06
0.0400729
1.01528e-05
1.45439e-08
4.85638e-08
6.11375e-09
4.76952e-13
3.03979e-13
0.000688079
3.50898e-09
7.67752e-08
6.62248e-12
4.79904e-08
2.30373e-07
0.000530214
0.000242142
4.82509e-05
1.22036e-12
3.33218e-08
5.70642e-07
3.77631e-12
0.000111821
0.00890718
1.10765e-11
2.01849e-07
3.57936e-13
0.916679
4.64596e-07
4.44977e-13
0.0322398
0.000414059
0.000211691
3.40394e-13
8.66396e-12
1.22904e-05
0.000247505
1.19752e-10
9.58112e-10
0.00802803
8.06868e-05
9.66948e-07
0.00141348
1.31317e-07
2.1026e-05
0.0091265
2.17693e-07
7.85614e-10
1.91691e-12
8.5171e-05
9.51152e-06
0.000221621
0.983967
3.21743e-13
0.00547956
3.30735e-07
1.62709e-05
2.37588e-14
5.64881e-13
0.915669
7.50313e-09
0.0115578
5.52255e-10
1.74665e-05
1.26258e-08
3.46998e-06
3.61443e-09
0.0290454
7.81378e-08
0.000575163
4.13707e-05
0.00264726
7.1127e-08
0.0796152
5.70103e-08
2.85133e-05
0.984131
1.14508e-08
2.65516e-08
5.941e-06
0.984475
0.000207815
2.94589e-07
1.11356e-09
6.63036e-06
3.87749e-07
7.74591e-06
4.21885e-14
0.0163369
0.00220664
1.89893e-11
0.00713801
0.984055
1.62359e-12
0.0262438
0.159442
8.69749e-13
3.20677e-12
2.92197e-10
1.57308e-08
2.01839e-13
4.24534e-11
4.41788e-07
5.72875e-14
0.0252496
1.45002e-08
1.30667e-11
0.000112614
3.81392e-05
7.78266e-13
1.22447e-05
1.88106e-09
5.15143e-14
9.20974e-12
2.86668e-11
0.984422
1.52058e-05
2.42789e-06
0.0227786
0.307426
0.00260915
1.9579e-05
0.414607
0.00352378
1.43881e-09
0.0116655
0.0850509
0.010443
0.0183727
0.000104103
0.00334505
1.26249e-10
0.00226578
6.35048e-13
6.50356e-09
3.4197e-05
1.08089e-06
0.983661
0.0226397
8.7425e-09
5.28003e-06
0.984486
3.28137e-09
4.66697e-08
7.37777e-07
0.00472441
0.130176
6.75187e-11
3.94478e-11
4.67139e-06
9.17735e-06
1.95888e-12
7.52262e-09
0.595271
0.0159539
3.70439e-08
1.74922e-06
0.00177015
0.000153842
1.12679e-10
6.72903e-08
3.51497e-13
2.77289e-11
0.028436
0.672604
1.45632e-07
3.33378e-12
2.23135e-06
1.74527e-13
0.000484984
0.984496
5.84377e-08
2.78444e-13
3.34548e-11
3.88397e-08
7.905e-09
6.09801e-12
0.000289375
0.00104256
0.984316
0.0143471
2.88747e-05
3.40474e-09
0.000609538
0.000830838
3.51011e-07
4.10256e-09
7.26086e-14
1.15564e-05
2.1319e-09
0.0999025
0.0289398
0.000437884
4.95159e-14
1.37274e-10
0.00301247
0.982871
0.00235498
1.98027e-08
1.60982e-12
0.402323
2.69259e-05
0.00167798
0.983391
3.50608e-12
1.75068e-10
6.21281e-13
1.68168e-10
4.89934e-05
8.60619e-06
0.00189795
3.60682e-10
0.00040871
5.52891e-14
0.000805876
3.65086e-11
3.99736e-08
1.32242e-06
2.99929e-11
4.74811e-06
4.35792e-10
5.17364e-14
0.984353
0.000176272
0.982165
1.0893e-08
2.6236e-07
3.15696e-10
2.87723e-10
2.56183e-05
0.000196057
1.05898e-11
0.00831182
8.5197e-06
6.39591e-11
0.000690069
1.61223e-05
2.65595e-08
5.54157e-10
2.83253e-11
0.983396
2.04501e-11
0.000372133
7.70939e-13
0.000693263
2.08012e-08
1.09602e-05
6.10623e-14
0.982986
3.36158e-08
0.0078228
1.15642e-08
9.91986e-07
0.000868972
2.92777e-11
1.2998e-11
3.89771e-09
0.0798984
5.04956e-06
8.06022e-14
7.776e-13
1.12809e-07
0.984454
4.33896e-05
0.00179121
0.00100117
3.09096e-10
2.73251e-07
4.9114e-12
1.06603e-10
8.28448e-13
1.3714e-08
2.33581e-06
0.00368975
0.0347974
0.00149004
7.34087e-08
4.73061e-05
5.00711e-13
1.23118e-05
1.02363e-13
0.000155212
1.61375e-05
4.54858e-12
5.05751e-05
0.000646163
9.20677e-06
5.88418e-14
1.69199e-07
2.82885e-13
0.010414
7.43849e-14
1.74201e-09
0.984396
3.57911e-10
3.62932e-12
6.84307e-05
0.0116565
3.0803e-10
0.983991
0.983574
1.51474e-10
0.00250352
1.5809e-05
0.000109142
0.984349
0.984485
0.000273145
0.000628846
2.38689e-07
0.000316497
0.378548
4.3116e-05
1.04801e-06
0.984412
1.68754e-13
3.66037e-05
2.62013e-14
1.22351e-08
1.59397e-07
0.00347042
0.984485
1.07886e-06
0.015011
0.0435678
9.78195e-12
1.56282e-05
1.45661e-13
0.0140029
1.91385e-05
1.39666e-13
0.0498584
0.000110765
3.3522e-06
1.14797e-13
1.16739e-08
6.20481e-12
5.5689e-11
0.0956078
6.92206e-10
0.000249914
0.000293735
0.000110379
1.95399e-14
5.05424e-06
4.45958e-06
2.30201e-06
0.000186983
3.26406e-14
0.0399824
5.75096e-13
0.000286767
0.000586614
1.13477e-10
1.37143e-07
0.98351
4.78062e-12
0.984503
9.51447e-06
6.0056e-11
8.46923e-08
4.43268e-08
1.33052e-08
0.00195168
2.86438e-14
0.00108225
1.09901e-10
0.00260953
4.43126e-05
1.04067e-07
2.79776e-14
0.0163886
3.36131e-12
0.984484
2.7647e-05
4.31561e-07
5.20111e-10
2.9353e-07
0.0041231
0.0040147
8.70122e-11
1.04896e-10
0.984487
0.953634
2.83021e-06
3.73992e-07
7.89973e-09
2.12941e-13
2.30496e-09
0.000183879
7.81433e-05
5.41789e-14
1.5199e-12
6.9442e-05
0.00997632
0.00155458
2.79776e-14
0.00397722
0.000869296
0.000104567
5.60756e-11
0.984246
8.72643e-05
7.79633e-08
2.9754e-14
1.09307e-06
1.41373e-10
3.51349e-07
7.26188e-10
3.5907e-09
9.65894e-14
1.00106e-05
0.00575813
5.24198e-10
3.58782e-07
0.000320617
0.00631227
0.0290013
0.00834026
0.0513129
4.20117e-08
1.99987e-08
4.84834e-08
0.984493
0.250407
0.000731791
0.000157136
0.0277958
0.00288641
0.00121127
0.554351
1.92835e-11
3.7712e-10
4.4327e-11
0.00511238
2.25213e-10
0.00561107
0.000627707
0.982892
9.43253e-10
1.26134e-10
1.78578e-10
5.13389e-09
7.8515e-13
8.63754e-14
0.000442879
2.39808e-14
0.00301651
0.225107
2.59792e-14
0.0168014
0.984401
7.68208e-12
0.0153636
1.37703e-08
0.00332214
0.984255
1.38116e-11
0.97333
5.82387e-10
0.00577868
0.000113449
4.17034e-05
1.01049e-08
0.00394081
0.00912398
9.26326e-12
3.29262e-06
5.37332e-09
3.97761e-07
4.22154e-05
0.984435
3.49805e-06
0.0486627
3.2698e-09
0.0596417
2.92128e-07
0.97974
0.000104635
5.66673e-07
0.0100289
1.26674e-08
0.000602877
9.04569e-05
1.11887e-08
2.13163e-13
3.98526e-11
9.17206e-07
3.53051e-14
1.23834e-12
0.00161471
2.88725e-12
2.4647e-14
1.76407e-10
0.00138654
8.24766e-10
0.984483
4.02991e-11
0.984456
7.66391e-07
0.0117882
3.71481e-13
1.29594e-06
0.720228
0.000125425
0.000127092
4.84057e-14
1.29289e-05
3.81761e-12
2.86429e-05
6.72972e-08
0.036563
3.45367e-06
0.98047
4.23344e-06
0.00322624
3.17114e-05
1.2049e-10
1.52735e-06
4.29565e-05
1.06329e-05
4.56095e-11
2.76632e-11
3.86358e-14
0.000389009
3.2907e-13
1.3326e-11
0.00366242
2.65481e-06
0.000439304
1.96088e-12
2.3424e-06
0.00286779
3.39728e-14
0.0398794
0.984187
7.5046e-10
7.94476e-13
2.09732e-11
0.000114931
0.0339748
5.08482e-14
0.000208036
0.0375838
5.86124e-11
0.98361
1.41931e-12
0.984404
1.87217e-11
2.90878e-14
6.59248e-05
1.49285e-11
0.000208721
3.71259e-13
7.00561e-06
2.36732e-05
6.29124e-08
0.983957
0.984263
0.000430409
7.7458e-06
1.68647e-05
1.55529e-09
0.0105491
1.20881e-12
0.901739
0.0104944
1.17487e-10
0.984485
4.15715e-05
0.00464201
0.0253169
1.67402e-10
0.984496
0.0247593
0.000379458
1.45883e-13
0.0168725
0.984349
2.42029e-14
1.37702e-09
1.67272e-05
0.000316989
0.00308168
8.21943e-12
2.99631e-09
0.00942223
0.983643
2.18091e-07
5.71615e-08
7.02789e-06
1.14084e-09
1.18286e-07
2.24281e-10
1.04077e-05
0.984492
0.0337034
4.59632e-14
2.73838e-09
3.42992e-05
5.46749e-05
8.3924e-12
0.0560747
2.77465e-11
0.000803531
1.95458e-06
5.44842e-08
3.42375e-10
5.84844e-05
1.72384e-11
9.07927e-11
5.07594e-13
8.64198e-13
2.13691e-08
1.1197e-07
9.41022e-05
6.64757e-10
0.984082
1.40519e-06
7.54583e-06
1.40351e-09
4.91351e-06
1.40346e-05
0.98423
3.97397e-07
0.984339
3.12827e-05
1.32339e-13
0.00994193
3.99414e-11
0.170467
4.83945e-10
9.81809e-07
9.43755e-06
0.984241
1.66263e-11
3.02428e-06
0.237611
2.93262e-06
1.12799e-13
5.75517e-08
0.000141694
0.977634
0.984384
9.06257e-11
0.00417345
4.18776e-13
2.90878e-14
0.000159611
8.51352e-09
1.9762e-14
0.902552
1.78827e-05
1.81366e-12
2.66853e-12
4.94718e-09
0.0101708
6.68994e-09
7.0426e-06
0.984456
6.6415e-10
4.38561e-07
1.11786e-09
3.97392e-07
0.0197251
3.84688e-09
0.984438
0.982729
5.41194e-09
3.01981e-14
6.19504e-14
7.85896e-10
0.98411
9.25926e-14
0.000685629
0.000273054
1.76305e-07
3.62632e-11
0.0305138
1.19909e-05
5.02192e-11
0.00453832
0.00157698
0.0132063
1.03118e-12
4.35207e-14
0.97867
3.11173e-12
0.984434
1.94005e-06
0.00374913
2.07808e-07
2.79776e-14
0.000430289
3.79471e-06
1.81944e-10
0.966358
1.54883e-09
1.21332e-08
1.85645e-09
1.56886e-06
9.89591e-05
0.984209
0.000249057
2.13163e-13
1.38444e-09
0.000119462
0.000179557
1.47327e-12
0.984185
6.01694e-06
3.72342e-09
1.38134e-05
0.187258
3.25221e-08
2.12408e-12
0.627282
0.00804886
7.25347e-08
1.8514e-06
0.000103891
0.0640157
1.02007e-12
0.00507018
4.11806e-07
5.23335e-09
3.20992e-09
0.078451
6.98445e-05
0.00544736
0.9845
0.978422
7.32525e-13
9.17044e-14
4.77148e-07
3.01451e-08
0.000117153
3.4861e-14
0.000405628
0.072101
1.21059e-12
0.984209
0.0239999
1.30076e-06
2.14828e-07
1.15149e-08
0.000343159
1.35028e-07
0.00608095
5.86211e-09
1.81765e-06
8.32892e-10
0.00188172
1.61613e-09
1.64646e-12
8.76919e-11
5.70655e-14
0.832569
0.0379083
3.89928e-11
3.60928e-06
0.000237551
0.0589595
0.0440092
2.27222e-05
0.0001358
0.984288
0.97772
2.77467e-12
0.358693
4.97507e-05
0.116968
0.00295799
3.35287e-14
0.00576497
7.88065e-07
3.2872e-08
4.46065e-12
1.03083e-05
3.05278e-11
0.0372784
0.000596916
0.00521364
0.0775994
1.87624e-06
8.97348e-05
2.65031e-08
0.000188528
9.97402e-12
0.000826728
0.00122417
1.81389e-09
4.40854e-10
0.0308579
0.00298915
4.39071e-11
8.15265e-06
4.05838e-06
1.71366e-09
2.7931e-10
0.0309654
6.99441e-14
0.984494
0.000741758
0.000774711
6.30984e-12
0.981624
5.12479e-13
1.52964e-07
3.76923e-10
4.42862e-05
7.66834e-05
0.976088
0.984382
1.47971e-12
6.255e-13
4.36685e-06
0.000145584
2.59792e-14
7.379e-06
7.218e-06
0.000998778
1.57874e-12
0.00104757
0.0553134
6.98967e-07
0.0169262
3.23854e-10
1.07248e-13
3.71377e-05
5.81757e-14
2.22172e-10
2.69773e-07
1.76897e-10
3.06422e-14
1.1749e-09
0.000275107
4.35081e-05
1.2858e-05
0.896096
5.85738e-11
4.09111e-09
1.89028e-05
0.983308
1.04179e-11
1.27011e-06
0.00029217
4.47065e-08
0.977779
1.94511e-13
0.984465
3.80661e-05
7.79367e-07
0.983311
6.25581e-10
2.98256e-07
1.88142e-05
2.51978e-09
7.09435e-08
0.00630313
6.31138e-10
0.00104039
2.3895e-05
0.0230411
1.16767e-08
4.57059e-06
1.82588e-10
2.01086e-11
3.42606e-11
0.140087
8.53953e-09
1.0165e-10
0.00229698
8.13505e-12
0.000256196
1.19903e-10
0.0104518
5.973e-14
5.87527e-10
0.0244822
0.0971305
2.5688e-08
4.84138e-06
8.74856e-14
1.38703e-08
0.00412023
1.45799e-11
4.45709e-05
2.57354e-10
0.00260948
4.81837e-14
0.982982
8.85847e-12
5.47854e-08
2.06501e-14
1.12577e-13
0.98441
0.984298
0.00335419
3.03252e-05
0.922351
0.968069
0.984173
0.0498628
0.0510433
1.03084e-10
0.98417
0.057487
0.043097
2.95119e-12
0.981665
1.72449e-05
0.0098676
6.04714e-11
0.983548
0.000122338
5.49606e-09
0.000752828
0.00206733
4.39511e-11
0.983146
5.29788e-07
1.16351e-13
1.00278e-11
0.00248012
0.000121572
4.54032e-08
0.0223186
2.97276e-05
0.00143508
4.71077e-06
3.24076e-11
6.21317e-09
0.0106143
1.714e-08
1.67091e-11
1.6481e-10
0.984477
0.0736838
1.63263e-05
4.34644e-05
1.16133e-08
9.54403e-11
0.0570029
0.00135433
0.00762499
3.08642e-14
3.15818e-08
4.74509e-13
0.00394536
1.10734e-06
0.000339352
6.14242e-12
1.1549e-08
8.04024e-12
0.000382775
3.04305e-08
1.94638e-10
1.55286e-05
0.000553552
1.91215e-05
4.17223e-08
0.926266
3.65796e-12
0.0508186
0.0263636
0.00325442
5.3979e-13
1.28256e-06
4.55656e-10
4.09337e-11
3.04608e-09
1.65112e-11
0.00894631
7.11738e-06
0.000476593
2.77975e-09
1.12299e-10
1.01725e-06
0.000362302
0.0505135
0.000107745
5.52251e-08
2.43381e-11
1.67239e-10
0.984344
3.5143e-06
4.00603e-05
2.75872e-09
0.0536052
0.000114329
1.99554e-05
5.57401e-07
0.0395777
1.47348e-06
1.25757e-10
0.217469
0.00139172
1.9742e-12
9.50351e-14
0.0439378
1.43543e-11
2.79578e-06
3.53051e-14
2.56664e-05
9.25166e-05
2.06057e-13
0.233501
0.04175
1.16973e-12
3.07918e-09
1.6918e-09
0.968437
0.000140605
0.0245389
1.02575e-06
5.21287e-07
2.46073e-07
1.47882e-13
