1.33227e-15
1.40998e-13
4.01045e-10
1.36664e-11
0.970716
5.08162e-11
1.2704e-09
0.976349
0.981304
2.35969e-08
0.9786
8.26179e-09
0.00258399
1.85402e-05
2.9385e-05
0.981795
0.981802
8.37175e-12
4.44089e-16
0.980161
2.9754e-14
2.67655e-11
7.70483e-08
0.981386
4.44089e-15
2.82951e-06
4.44089e-16
1.45167e-05
0.00280139
0.980763
2.16979e-07
4.44089e-16
4.44089e-16
1.27982e-11
0.981807
3.75233e-11
0.000522607
4.88498e-15
0.981178
6.55032e-14
8.65974e-15
5.26991e-10
0.0567802
2.46471e-09
0.98098
2.78022e-12
1.77636e-15
0.978525
8.56353e-05
4.26326e-14
1.92291e-13
1.32076e-06
7.081e-13
1.27103e-05
6.28386e-13
9.76996e-15
8.5687e-13
1.68754e-14
0.00328325
0.981628
6.32853e-08
1.37162e-05
8.42215e-13
9.86894e-05
3.52519e-08
0.980775
2.8888e-13
1.53433e-13
0.980055
0.00825844
1.11022e-15
4.32808e-06
4.44089e-16
8.96461e-12
0.000115116
2.10677e-10
0.981786
1.72196e-11
0.000146515
0.00715656
1.77636e-15
2.594e-05
8.08362e-07
3.9968e-15
7.48068e-13
9.52975e-08
6.63913e-14
2.77556e-13
3.24825e-11
0.981739
4.01901e-13
5.88418e-13
1.88294e-13
4.15223e-14
1.20592e-06
0.893579
0.00016852
2.15653e-07
5.10703e-15
0.154282
1.86073e-13
0.907507
3.19234e-07
2.48743e-07
8.21565e-15
1.83667e-09
3.35121e-05
1.46038e-08
4.025e-05
3.18012e-12
3.95184e-11
0.981721
1.74749e-13
1.00125e-09
2.96363e-12
9.66103e-07
9.10383e-14
2.39662e-08
9.76996e-15
1.90314e-12
1.68101e-09
0.000384007
4.21885e-14
0.00124198
0.970381
0.981781
0.000171349
0.218513
4.21001e-11
1.77636e-15
8.88178e-16
0.981785
1.26889e-06
1.41156e-08
0.000326046
1.70796e-08
1.33227e-14
4.44089e-16
5.78426e-13
8.30496e-06
5.07698e-08
0.0554104
2.54885e-06
7.10543e-15
0.981802
8.31774e-10
2.16144e-08
2.75667e-05
0.981773
2.33102e-12
0.981254
3.4861e-13
0.021726
0.219946
4.44089e-16
4.16112e-13
3.60798e-11
7.38615e-10
7.15658e-05
9.02978e-11
4.05219e-07
4.23176e-06
0.968544
2.93099e-14
3.97744e-06
1.47134e-07
0.981717
4.44089e-16
4.08114e-11
3.93419e-12
0.949463
0.981807
0.00443238
7.01176e-06
6.66134e-16
5.58382e-10
1.4122e-13
0.981798
8.39329e-14
0.98179
5.92826e-05
6.25099e-07
0.971535
6.6091e-05
2.22045e-15
4.09844e-10
0.981767
3.07826e-10
1.74651e-06
3.68612e-11
0.97193
1.55431e-15
1.16129e-13
0.000524195
0.154411
1.9984e-15
8.65974e-14
0.180294
1.40759e-09
2.20364e-10
8.82953e-09
0.471965
1.9853e-12
2.4647e-14
0.000389527
1.7808e-13
2.02061e-14
0.981453
1.04028e-12
0.0813453
8.30447e-14
0.981778
1.97223e-06
1.61689e-07
5.16273e-09
1.64313e-14
0.976801
0.000167295
0.980773
7.61169e-13
0.979853
2.06768e-12
0.000709366
1.05633e-10
1.15739e-11
0.0677223
5.27065e-07
3.36515e-11
4.44089e-16
0.000798137
2.63938e-09
3.13594e-12
6.9722e-14
3.61413e-09
4.95604e-13
2.21721e-07
5.39568e-14
2.44249e-15
5.3757e-13
0.981578
1.30753e-06
0.980358
2.17295e-08
0.981794
0.000256494
4.44089e-16
8.5219e-06
0.980927
2.22045e-16
4.87737e-10
0.000522308
0.98143
0.963833
3.01092e-13
0.0086508
0.981729
5.17586e-13
1.15899e-05
0.981375
6.52305e-09
5.16032e-13
3.22542e-12
2.45199e-07
0.000428085
2.0608e-12
0.0182588
1.15203e-06
7.55076e-11
4.97045e-09
9.32587e-15
2.84661e-13
0.0121908
0.000151443
2.22045e-15
1.70837e-08
2.22045e-16
2.22045e-16
3.81622e-08
9.88098e-14
1.17684e-14
0.968433
6.08325e-06
0.981807
7.77156e-15
0.00282462
6.66134e-16
2.88658e-15
7.87148e-13
1.70074e-07
0.561268
2.71041e-11
6.4356e-07
7.89732e-08
0.835836
0.000171263
1.21256e-07
6.28386e-14
5.8783e-08
3.82627e-12
0.981804
1.14246e-06
4.17305e-08
5.20095e-12
0.894432
2.23377e-13
2.44249e-15
2.04059e-13
2.69141e-08
0.22218
0.981793
1.22125e-14
3.33067e-15
8.03735e-12
2.09017e-10
2.14231e-08
8.94745e-05
1.09773e-05
2.08306e-05
1.08369e-07
0.020384
1.99751e-12
1.26618e-06
0.981606
8.88178e-16
5.55112e-14
0.0472078
1.55431e-15
5.05826e-11
4.76374e-12
4.44089e-16
0.981016
3.9968e-15
3.73415e-11
4.44089e-16
9.87981e-05
0.00307065
4.22534e-09
1.30831e-11
6.46343e-11
0.980933
3.49592e-05
0.00838446
0.000654701
7.92543e-05
0.0766255
8.01137e-12
6.61693e-14
0.000978961
0.981807
4.27338e-07
9.91784e-12
8.32223e-12
3.64153e-14
9.85852e-06
8.41549e-14
5.29946e-10
3.24185e-14
0.000122742
8.80103e-07
1.1433e-09
1.30684e-11
2.02178e-06
1.88218e-05
5.77316e-13
0.98177
0.981807
0.0187121
8.77498e-11
2.46025e-13
6.14511e-07
1.96732e-13
0.98173
4.25821e-05
0.981546
1.62967e-11
1.82222e-10
1.06019e-06
9.08976e-05
0.981803
0.000179161
1.11022e-15
1.08802e-14
0.980645
1.04361e-14
1.91754e-09
1.6076e-13
0.969899
4.6392e-09
6.04294e-11
1.07234e-08
5.91648e-09
0.981799
1.29985e-12
1.9984e-14
0.933304
4.88498e-15
1.9984e-15
0.981767
1.09719e-07
4.11534e-05
9.17044e-14
0.981797
6.44853e-11
3.27872e-08
3.72065e-08
2.34891e-06
2.14174e-06
6.17872e-11
4.4537e-05
0.981063
0.981599
8.88178e-16
5.84648e-11
2.70159e-10
0.979338
3.65215e-10
3.77476e-15
3.3544e-07
9.88859e-05
7.77156e-15
6.11207e-11
9.78591e-10
1.31897e-05
4.36318e-13
0.981486
2.42343e-06
1.3106e-11
8.52135e-10
2.12316e-07
3.50073e-09
1.23296e-07
0.000581146
6.21725e-15
0.981703
1.5024e-07
0.981807
4.27386e-05
1.70882e-10
2.69898e-06
1.4988e-13
1.92173e-11
2.08338e-09
6.77072e-06
0.000408944
4.44227e-06
0.000149835
1.48241e-11
8.6221e-09
2.76402e-09
0.0386482
4.10015e-09
4.54719e-07
8.93778e-09
4.8125e-07
2.70475e-09
1.8419e-07
1.37563e-11
0.975627
0.976877
6.83675e-13
0.000262472
7.24975e-07
0.981747
0.000106974
0.978835
0.980795
3.21076e-13
2.81619e-12
5.32907e-14
0.00381686
0.000188377
0.981221
1.43707e-12
4.52016e-05
1.042e-09
0.981587
8.76002e-08
6.92842e-06
1.95256e-06
1.72318e-05
5.5059e-10
0.0562533
1.00672e-08
0.981528
1.82462e-10
0.00351823
0.981009
0.980852
0.0044228
4.5209e-10
1.77636e-15
3.33067e-15
1.60435e-06
1.56149e-07
8.4008e-07
5.08008e-05
1.75415e-14
0.0499193
0.981807
9.42432e-05
1.85764e-06
3.2933e-11
0.974855
4.06564e-13
4.16414e-11
6.67572e-08
6.70575e-14
8.65974e-15
8.12683e-13
2.04751e-09
6.82365e-12
8.83484e-07
0.978857
6.19504e-14
1.75034e-07
2.78504e-11
0.00126957
5.92475e-07
1.36313e-12
9.54792e-15
2.44083e-11
5.78027e-12
5.10703e-15
6.60942e-06
3.10862e-15
0.100351
1.55431e-15
3.54168e-11
4.68208e-08
9.76996e-15
4.77665e-10
7.03593e-07
4.88498e-15
2.36478e-13
1.78102e-12
0.000248925
7.96321e-09
2.71783e-13
0.981444
0.970752
2.01029e-06
4.30641e-05
0.981785
2.13422e-08
6.92289e-07
0.967367
0.0159083
3.15474e-10
8.21565e-15
1.89349e-09
3.40984e-06
1.55431e-14
0.981659
6.66134e-15
7.75713e-11
4.12665e-09
7.68274e-13
9.89431e-13
7.24572e-06
9.2351e-10
1.11022e-15
3.33067e-15
0.981551
7.6369e-10
4.44089e-16
2.29662e-06
0.981778
1.26357e-11
1.10669e-11
1.42109e-14
0.981807
2.22513e-09
1.37297e-11
7.03393e-12
0.0939781
8.66354e-05
4.68623e-11
4.06986e-12
0.00544279
6.29099e-07
3.60805e-05
0.977023
7.4829e-13
3.17341e-06
1.93845e-13
0.00179558
1.02121e-08
4.44089e-16
0.981663
4.92779e-08
8.87401e-12
0.973955
2.29191e-10
1.21902e-13
3.33067e-15
1.64136e-09
0.952961
3.63642e-12
1.1169e-06
0.980766
9.72333e-13
4.46682e-10
2.64455e-13
0.981805
6.66134e-16
1.05471e-13
3.45508e-11
0.00643994
3.99129e-10
2.92505e-10
5.37348e-14
1.22125e-14
0.00609872
1.49989e-08
7.69919e-10
0.98161
1.15039e-11
1.5449e-09
0.967637
1.33227e-15
7.13041e-06
1.34653e-10
0.974537
5.77827e-12
9.42935e-06
0.000257186
2.49134e-12
0.0939499
0.981758
0.0068897
0.9818
2.44249e-15
4.94955e-05
0.981532
6.66134e-15
1.44951e-12
0.981718
0.981802
2.3137e-13
9.37799e-05
2.36589e-12
4.44089e-15
4.90857e-05
1.08136e-13
8.99281e-14
4.75048e-09
0.235036
9.92744e-09
8.24299e-05
0.980594
1.03251e-13
1.22202e-06
6.29495e-05
1.89524e-08
4.76185e-06
2.75779e-12
2.67288e-07
1.25389e-12
2.06713e-08
2.07209e-08
0.971494
4.44089e-16
7.32747e-15
0.00103641
5.24025e-14
9.09376e-05
4.62741e-13
1.77636e-15
5.33933e-11
6.43164e-09
2.42919e-09
0.00170574
0.00382258
4.44089e-16
0.00121039
5.22787e-10
4.08739e-10
0.981799
4.32742e-06
1.9984e-15
0.980404
8.34566e-09
1.61947e-08
0.0984571
3.4861e-14
1.49548e-07
2.72354e-08
6.49787e-09
2.45771e-07
0.980333
7.12754e-07
0.00627194
5.30687e-14
0.00177217
0.000237163
0.455192
1.77995e-11
1.41165e-06
9.90319e-14
6.47979e-07
2.47774e-10
2.33717e-07
1.02654e-10
1.89058e-05
1.55431e-15
0.981801
1.85737e-06
1.60654e-10
3.9968e-15
3.00471e-12
0.00271089
1.32498e-08
1.47882e-13
2.34038e-06
1.05693e-13
0.981806
0.981467
9.51312e-09
5.27918e-11
4.04565e-13
0.0146394
1.95087e-07
3.46634e-12
0.981799
1.91402e-13
0.968689
0.980391
3.77476e-15
0.467142
4.35133e-05
7.16548e-07
0.098377
6.06182e-14
0.0020337
1.8065e-10
1.69383e-06
1.87921e-11
0.00272947
3.63632e-10
0.0242929
0.97652
1.99862e-12
0.00257756
1.23108e-10
1.73195e-13
1.37892e-07
4.62978e-10
7.54952e-15
1.13243e-14
0.981518
6.60395e-09
0.949295
0.981807
1.84472e-08
0.00636296
2.01782e-07
0.945493
0.739792
4.46342e-05
2.04725e-13
3.37508e-13
0.979775
1.44892e-07
5.10703e-15
0.0360174
0.981804
0.981054
0.981788
4.46537e-10
2.9976e-14
6.09035e-06
4.44089e-16
9.10383e-15
1.34115e-13
9.22551e-07
2.13804e-06
1.194e-10
0.981698
1.25862e-10
1.35447e-14
4.03111e-08
0.973615
4.04121e-14
4.28727e-08
6.66134e-16
2.26064e-10
2.64233e-14
1.00011e-07
0.976891
1.79856e-14
3.2796e-13
4.44089e-16
4.66693e-11
0.000305581
1.77636e-15
0.981802
2.60691e-07
7.25708e-12
1.55431e-15
0.974589
5.0604e-12
2.57659e-05
0.00693671
0.979274
0.0125167
0.981807
2.22045e-15
2.60019e-11
2.03644e-11
3.33434e-08
4.17222e-13
1.95399e-14
2.22045e-16
0.979366
6.04223e-11
0.00575639
8.68861e-13
1.93734e-12
8.49132e-06
4.23617e-12
0.97971
3.29727e-06
1.55431e-15
6.32849e-12
0.981721
1.41593e-06
0.981746
0.00622522
0.968476
0.0102436
0.980762
0.000337972
0.981429
4.68761e-08
0.979159
6.98752e-12
8.97202e-05
0.98171
4.88967e-06
0.981806
1.43514e-11
0.98161
0.981779
1.32978e-06
8.19653e-11
0.0225713
5.36402e-11
1.49317e-06
2.05008e-10
3.06717e-11
2.14063e-08
2.18292e-12
1.1944e-11
0.966389
1.11486e-07
1.11022e-15
4.23928e-11
6.66134e-16
0.000173813
7.92555e-11
0.980422
0.0350914
8.21565e-15
0.000997157
0.975262
1.93179e-14
4.42939e-05
3.9596e-06
5.1017e-12
0.00204149
5.29976e-05
0.797952
1.52666e-07
0.973181
6.19726e-13
5.1758e-09
2.51577e-13
6.21725e-13
9.64119e-05
0.953296
3.46105e-11
4.30972e-07
9.62983e-08
4.72955e-14
2.85377e-10
3.61344e-11
1.39448e-10
1.9762e-14
5.61773e-14
4.91385e-13
1.33227e-15
4.28563e-10
0.981596
1.95819e-10
2.52933e-11
2.41249e-11
6.66134e-16
9.28601e-06
1.49741e-10
0.980599
1.33227e-15
1.56986e-12
2.8128e-06
4.66294e-15
8.50284e-06
3.77476e-15
1.82638e-06
0.023884
1.33763e-06
1.36417e-09
0.981595
8.44874e-10
8.43769e-15
8.88178e-16
8.46178e-09
8.98162e-07
0.000286952
0.0219391
3.63427e-08
0.980937
3.34976e-12
0.966595
0.137304
0.000238086
5.66617e-06
3.97123e-07
5.48176e-05
2.67847e-08
8.67871e-09
0.976328
4.88498e-14
0.0433995
0.0432975
2.44249e-15
2.88901e-05
2.48214e-09
2.11354e-08
0.00255899
4.64161e-06
0.320629
0.0397229
6.53023e-08
1.43332e-05
3.33067e-15
0.97207
0.000288352
0.981802
0.941353
3.8658e-13
2.10942e-12
3.36588e-10
1.36146e-08
0.811887
4.96319e-05
3.55271e-15
0.981241
1.88888e-08
2.63567e-13
0.000324676
3.94573e-13
2.07957e-10
1.55855e-08
3.21447e-11
4.41247e-12
1.60316e-13
0.000820942
8.14904e-14
9.55944e-09
2.68674e-14
8.69971e-07
2.6947e-07
0.981784
1.99806e-07
0.0242016
0.981699
3.61933e-14
9.93181e-11
0.981803
2.05956e-08
1.58775e-07
6.98619e-12
2.25634e-06
2.70601e-07
0.107169
3.95962e-09
0.000721263
0.94357
2.50238e-11
1.66533e-14
0.981796
4.32485e-09
8.93507e-13
0.0012698
1.99062e-06
2.44011e-05
8.88178e-16
0.981316
3.49722e-07
2.73115e-14
0.00145677
5.57332e-14
1.62385e-07
5.01194e-08
0.000105762
4.0951e-07
0.981806
0.981481
0.981791
6.66134e-16
1.12945e-10
1.87576e-09
0.981763
1.11022e-15
8.6173e-09
1.39183e-09
0.981164
1.6031e-11
2.7429e-07
6.66134e-16
6.66134e-16
0.00116177
4.85329e-09
0.981033
2.41183e-11
1.1279e-11
4.44089e-16
3.0109e-10
5.27321e-09
7.56506e-13
0.00480958
0.613366
0.383188
8.18901e-13
9.61053e-12
0.200304
0.980411
0.000203615
3.33351e-11
0.981085
8.88178e-15
2.02909e-08
4.47527e-10
6.70147e-07
0.981742
0.00152606
0.980051
8.61205e-10
3.05514e-09
6.43929e-15
0.873729
7.93765e-12
0.981723
3.88754e-08
1.44701e-08
3.41923e-08
0.904182
1.23701e-12
0.000101249
0.981787
0.981725
6.55698e-12
8.06466e-13
3.22853e-12
8.88178e-16
1.6942e-13
1.64313e-14
5.10703e-15
0.00124485
4.89226e-08
1.06581e-14
0.000386922
0.981647
0.981307
0.981726
0.980285
0.975653
5.35429e-11
8.26214e-05
0.0174748
4.46132e-12
0.000113823
1.49809e-11
7.39016e-06
5.47082e-06
6.85871e-06
0.00265029
2.2528e-11
1.72267e-10
6.33477e-08
7.59393e-14
3.4639e-14
2.46292e-12
2.83793e-06
0.00820806
0.977152
7.66942e-13
7.84843e-07
8.34243e-09
0.00127447
1.28477e-11
1.54207e-07
0.000228051
1.72307e-13
0.981518
2.44249e-15
1.06382e-12
1.10816e-06
1.65152e-11
2.00226e-05
0.0065566
3.03135e-12
4.76543e-07
0.980892
5.55911e-11
4.15734e-12
2.78821e-11
1.39409e-08
5.49169e-06
2.66898e-13
1.19238e-13
3.16636e-13
2.62013e-14
0.98172
2.9754e-13
5.81757e-14
1.85374e-09
2.59928e-08
4.70345e-05
4.57412e-14
9.59382e-10
0.000520077
9.861e-13
0.888244
1.15463e-14
0.00015407
0.981797
0.981664
0.972827
0.981807
4.56158e-05
3.64153e-14
0.981652
8.19789e-13
1.1413e-10
1.38689e-12
3.10862e-15
2.32436e-12
1.40601e-09
0.980795
2.8946e-06
7.17541e-06
2.22045e-16
5.9952e-15
1.28459e-11
8.35776e-13
0.981204
4.90719e-14
5.49569e-08
0.000785129
3.10552e-12
1.26771e-07
5.99212e-10
1.0524e-11
6.19427e-08
9.24152e-11
0.000497235
0.981783
1.3678e-09
2.48394e-10
5.32907e-15
1.16794e-09
1.55667e-11
0.979647
1.41731e-12
2.42572e-05
7.2881e-09
5.18425e-06
1.27863e-05
0.0474343
0.00131329
8.88178e-16
1.14988e-09
6.53178e-06
0.0560487
8.9734e-06
0.981745
5.85632e-11
2.72498e-08
7.08828e-06
2.38841e-08
1.08476e-07
2.7521e-06
1.52412e-10
0.980887
3.06793e-06
1.79527e-10
0.97693
1.66684e-06
5.20116e-05
8.94254e-10
2.52402e-09
4.47499e-08
0.000572297
6.49258e-13
4.64145e-10
1.5099e-13
0.959721
1.19904e-14
7.59288e-11
9.18599e-13
0.000224117
8.42163e-09
0.000110327
0.981636
5.62591e-05
2.33919e-08
0.0184642
0.000132834
8.49032e-12
2.61496e-07
2.22045e-15
3.60982e-06
7.71465e-11
4.11116e-12
2.8313e-09
0.00152422
1.11022e-15
2.04238e-06
2.31335e-06
0.00288638
6.00184e-05
6.37259e-06
1.11022e-15
0.981678
0.00112736
0.981215
0.968024
3.11641e-09
0.00439548
4.34092e-06
3.08198e-13
7.46181e-12
4.41498e-06
4.81404e-11
0.981767
4.83258e-12
1.34641e-08
0.981796
0.000147572
8.83468e-08
1.88365e-10
3.92368e-09
0.00062123
3.07154e-12
1.02141e-14
5.24736e-12
0.981561
0.981406
3.32845e-13
2.37877e-06
0.981777
5.45786e-13
1.53674e-10
1.19549e-12
0.981797
6.37331e-10
0.970475
0.980918
1.97368e-08
0.0158371
8.39421e-07
2.38962e-06
7.90479e-14
0.000177633
2.66501e-07
1.17684e-14
4.44089e-16
3.34717e-11
0.00394331
3.66937e-10
0.981013
0.981802
2.78952e-10
1.74049e-10
3.84456e-07
5.55925e-09
3.05644e-10
8.88178e-16
3.19207e-06
0.978207
0.000402172
6.45468e-10
3.57572e-06
4.98326e-11
2.54019e-13
0.87064
0.981635
5.14581e-09
0.981804
1.70974e-14
7.72715e-14
0.981617
8.80251e-10
1.28126e-09
0.981802
1.78566e-11
0.0156056
0.981721
1.32399e-07
4.44089e-16
2.38551e-08
1.11022e-15
0.981617
3.10862e-15
1.60535e-09
2.33022e-08
0.00729799
0.981766
0.045107
0.0159291
1.94947e-09
5.37348e-14
1.7528e-05
1.27071e-07
2.44318e-09
2.88503e-12
1.77636e-15
0.543219
2.10485e-11
1.00427e-09
0.00033559
8.88178e-15
1.7919e-13
0.976361
2.04281e-14
1.55431e-15
0.0001686
6.73477e-10
1.59095e-12
0.981794
6.5463e-11
1.02363e-13
8.62534e-06
0.949835
4.62741e-13
1.35563e-11
2.70957e-11
0.898607
2.32037e-13
0.628403
2.03867e-07
1.25578e-10
2.53177e-06
3.89691e-11
1.1054e-11
2.21034e-11
3.09514e-09
0.00023053
9.41169e-09
0.942489
0.936679
6.73683e-13
2.19246e-10
4.44089e-16
2.17226e-12
7.77156e-15
1.28786e-14
3.74592e-07
0.981803
0.000319466
3.77476e-15
1.22441e-09
3.04051e-05
8.88178e-16
2.5735e-13
0.981788
0.00121787
0.981388
2.36582e-06
3.16667e-07
4.57612e-07
1.49668e-06
0.00029786
0.937798
0.000103501
0.981268
0.981732
0.981508
2.38254e-13
1.88738e-14
0.980239
2.79185e-06
1.9984e-14
8.06022e-14
0.97888
0.822301
2.61346e-13
9.95474e-09
7.82734e-09
0.00047833
7.82794e-09
3.77476e-14
0.981801
0.981324
4.44089e-16
0.0012875
6.21725e-14
0.848881
1.62537e-13
3.614e-11
0.000702885
4.61631e-13
0.98011
0.000302211
2.57572e-14
4.44089e-16
1.09668e-12
0.933886
1.23679e-13
4.26265e-05
1.27197e-06
1.53354e-09
3.76752e-10
0.978902
3.01315e-13
3.10862e-15
1.62272e-11
1.81047e-10
1.13243e-13
7.54668e-09
4.09165e-09
0.000666629
3.33067e-15
3.19744e-14
0.00657578
4.49076e-07
9.69343e-09
5.1893e-07
0.00394972
0.978172
0.00259791
1.38179e-05
1.42818e-06
4.50688e-08
0.971019
0.572783
3.91102e-10
2.73709e-05
1.34032e-07
1.77636e-15
0.000646646
0.981426
2.64588e-12
2.32747e-12
7.63833e-14
0.000127495
2.94016e-09
4.68967e-06
2.94054e-12
5.32555e-05
0.0107831
3.82967e-10
4.03233e-13
1.75415e-14
3.51874e-10
0.98156
1.9015e-09
0.98162
3.07916e-07
2.69608e-07
0.975376
3.05935e-10
3.10862e-15
6.66134e-15
2.30704e-06
0.981791
0.981656
7.54974e-12
0.000369018
4.44089e-16
4.32432e-12
0.0175812
9.25926e-14
0.931043
0.925047
2.1141e-05
0.969644
0.0142079
0.000102701
0.981707
5.10703e-15
4.17842e-10
3.22643e-08
2.10103e-10
9.30643e-08
0.981647
0.981698
5.46668e-09
4.44089e-16
1.84297e-14
0.000520563
9.87841e-07
3.66374e-14
0.981715
6.10534e-12
2.52713e-08
1.29712e-05
5.79736e-12
2.60414e-12
0.674776
1.38697e-06
3.50492e-09
0.98166
1.41049e-07
1.21394e-10
2.22045e-15
5.46296e-12
1.59551e-10
6.97216e-10
1.11022e-15
1.11141e-10
1.71764e-10
5.73985e-13
4.44089e-15
0.943887
0.000832209
4.44089e-16
3.71578e-07
2.49687e-10
8.21565e-15
5.56266e-12
2.40387e-07
2.42029e-13
0.00032154
2.88658e-15
5.24025e-14
7.85283e-12
6.06337e-12
1.22653e-08
9.07407e-07
1.94595e-06
2.18221e-07
0.000147573
7.99116e-12
0.0164426
0.00198718
3.7183e-06
6.66134e-16
5.55112e-15
0.000806051
0.000289364
8.93974e-08
0.981611
0.972242
1.80189e-08
2.22045e-15
0.000739035
0.0199515
0.0179281
1.9984e-15
6.94905e-06
1.90958e-14
0.981807
0.000218304
1.06557e-05
5.33552e-08
5.00893e-05
2.60112e-08
5.10703e-15
5.49782e-13
0.98163
1.63624e-09
0.980908
4.2616e-07
3.19739e-09
1.38281e-07
1.09468e-13
1.8221e-12
1.75983e-09
0.000560561
0.981653
0.000678133
3.14078e-11
0.00100965
0.00100374
4.1612e-06
4.72955e-14
1.36779e-13
0.187826
0.66961
0.0364287
9.37739e-09
0.000383374
0.00115332
1.29696e-11
4.4853e-14
1.2836e-07
0.971776
1.50513e-11
3.55093e-07
0.981776
5.20449e-07
0.981061
0.0144795
0.974611
0.981758
1.97001e-08
0.980849
7.3858e-08
0.0192761
1.24367e-12
2.22045e-16
5.63712e-08
0.000154814
0.979163
0.97999
3.33022e-12
0.981722
0.98165
2.65299e-07
4.29497e-05
0.981798
0.00168627
7.6645e-07
9.68114e-14
3.26649e-05
3.00648e-13
4.44089e-16
3.33067e-15
4.44089e-16
3.36852e-09
0.981634
4.06501e-07
1.2923e-13
0.9818
0.147294
5.08429e-08
5.72069e-11
0.0281376
5.30068e-09
0.00319042
2.35569e-11
0.981791
4.93805e-12
1.11022e-14
4.44089e-16
0.00609992
3.33067e-15
3.17697e-05
3.64601e-07
1.47589e-09
4.61853e-14
0.979242
5.23929e-05
2.05074e-05
0.981792
1.15857e-08
1.36478e-06
0.00591065
8.65974e-15
0.000193477
1.37368e-08
2.08739e-05
5.77316e-15
4.13794e-07
1.4869e-05
0.000950228
4.14197e-05
4.84432e-11
1.52141e-09
0.98179
3.49004e-06
1.85429e-08
8.88378e-05
0.981669
0.336372
0.981603
5.69989e-13
2.95276e-10
7.77156e-15
1.04361e-14
0.000122945
3.17108e-06
0.976932
5.91771e-12
1.98152e-10
5.32907e-15
0.0148996
4.36372e-09
5.25636e-07
1.09353e-10
4.76574e-12
0.981784
1.56854e-07
0.000220163
2.13163e-14
0.0179489
0.00869807
0.981797
9.00817e-11
1.50158e-11
0.0206983
2.05657e-10
1.04567e-10
1.12577e-13
5.12107e-05
1.12355e-12
0.981408
5.24796e-10
0.981219
2.46025e-13
9.88962e-08
8.43769e-15
3.82838e-09
2.13163e-14
1.91624e-13
4.71179e-13
9.22376e-11
2.41775e-11
1.61844e-08
0.980943
3.33067e-15
5.9952e-15
0.0495496
8.88178e-16
4.16334e-13
0.18025
9.54792e-15
1.55431e-15
7.43461e-08
3.51873e-10
3.42842e-10
9.77249e-11
1.13021e-13
4.02839e-08
1.11022e-15
1.17906e-13
9.81437e-14
1.8464e-05
3.6467e-07
0.981709
2.86839e-08
2.04009e-09
0.000278079
0.000564909
0.000409274
3.1857e-11
0.00315362
3.7037e-13
0.981677
5.41514e-09
4.3654e-13
7.04318e-07
4.40255e-09
1.0551e-06
0.00099433
2.14847e-08
6.33937e-13
0.00227066
0.0162815
2.86283e-09
0.979285
1.11022e-15
0.157019
0.0973638
3.20644e-05
0.981732
0.981623
0.000108778
1.24301e-09
2.01839e-13
4.30966e-11
2.62599e-05
3.22808e-09
0.93692
0.981807
0.00782856
4.67932e-10
1.13578e-09
6.65468e-13
8.32667e-14
1.94829e-06
5.10703e-14
3.90742e-08
0.968621
3.19832e-05
1.28547e-06
2.79112e-11
1.32393e-05
7.3769e-09
0.0111849
6.66134e-16
5.32134e-10
0.981462
2.75131e-09
6.2413e-10
4.84157e-11
7.10543e-15
4.44089e-16
0.0437626
6.21725e-15
4.14686e-07
0.979663
0.000349989
1.99684e-06
8.88178e-16
1.96905e-06
7.56155e-10
4.44089e-16
3.76657e-06
5.55112e-15
8.58735e-12
6.94289e-12
9.62278e-05
0.979714
0.951289
0.0395676
2.09232e-08
1.00142e-13
3.9968e-15
9.55833e-06
3.87335e-12
2.66454e-15
3.84783e-07
0.013887
6.07736e-12
1.69463e-05
6.11516e-08
1.42332e-07
8.34219e-08
0.979572
8.90099e-11
0.000272503
1.38314e-06
6.13519e-07
1.95813e-09
0.0644578
3.26175e-09
7.15855e-08
2.95335e-08
1.55431e-15
3.01981e-14
0.000137605
1.52203e-08
1.40421e-12
0.00376857
1.11289e-12
3.32087e-09
0.981564
0.000752401
0.981734
1.55469e-05
0.969436
2.22045e-16
2.77556e-14
1.55431e-15
0.000830564
7.81049e-11
4.37064e-06
0.981805
0.981542
8.04725e-10
6.15184e-09
1.13704e-05
2.93524e-05
0.000359063
2.55351e-14
8.02181e-12
0.98179
0.000600736
1.38962e-05
0.981799
0.981601
0.981805
6.58951e-09
0.0013342
0.510381
0.0218283
0.000160175
4.33601e-07
1.08136e-13
9.32718e-11
1.46549e-13
0.0433339
1.33344e-08
1.61479e-08
2.55351e-14
1.99121e-05
4.44089e-16
5.73463e-11
0.971048
0.9792
0.108877
2.29316e-07
0.953817
3.15081e-13
6.78393e-06
1.40305e-08
0.980058
3.82827e-07
3.0608e-10
0.125982
0.98123
1.35043e-05
1.55431e-15
0.981528
0.00731998
0.979182
0.0331828
4.39759e-12
1.60663e-07
3.98957e-09
8.92989e-10
0.978103
2.53266e-11
3.75213e-05
0.000381594
4.55378e-05
3.68163e-08
2.64611e-12
0.0227301
2.47223e-08
0.00132988
6.66134e-16
8.68714e-10
0.974346
0.000718104
2.66454e-15
0.0161072
0.944813
7.66742e-12
3.6408e-10
6.11419e-09
2.41364e-05
0.981807
3.77575e-05
2.37963e-10
0.981806
1.15797e-10
1.03149e-11
6.88338e-15
0.0590868
0.00263378
5.07816e-13
3.9968e-15
0.981796
0.00256995
0.981806
6.39933e-13
1.99307e-09
0.00303925
0.007188
1.86884e-07
0.980589
8.45741e-10
1.39923e-07
0.981792
1.58748e-08
0.981723
0.981807
0.00859394
1.4702e-11
3.03291e-12
4.50008e-05
0.979071
0.0236382
7.33461e-07
0.00482614
3.86358e-14
0.411237
0.000551295
1.79986e-10
0.970426
9.55062e-05
3.08339e-05
3.606e-13
6.48592e-13
1.83453e-12
1.25899e-13
8.59313e-14
2.21313e-08
2.0826e-09
4.81416e-06
2.42592e-09
2.56518e-08
7.42189e-05
1.10623e-12
2.74603e-12
6.43929e-15
0.98175
1.36158e-12
2.69049e-06
0.000629872
0.0065741
0.981802
0.981741
2.44163e-06
8.66427e-08
9.95293e-12
1.57056e-08
0.0115071
0.672787
9.70179e-05
3.84994e-08
1.1185e-07
0.975667
0.980873
3.37841e-12
1.98057e-05
0.981678
0.581228
1.62361e-11
4.44089e-16
9.64784e-13
2.51577e-13
5.10703e-15
6.37213e-11
8.43192e-12
3.53808e-10
4.21885e-15
9.90014e-08
8.37108e-14
6.25944e-13
8.41549e-14
6.28164e-13
1.63147e-05
4.58274e-08
0.00130398
1.21576e-11
5.04707e-13
0.979835
2.62679e-11
0.980621
1.37476e-10
0.981807
1.6567e-05
2.32703e-13
0.0670503
0.031165
0.00191488
0.980953
0.00383864
0.00126071
5.26024e-12
0.299477
7.0013e-10
4.27544e-07
0.426354
7.76673e-08
0.286281
5.90845e-09
3.08897e-11
5.12923e-14
0.981664
0.980934
2.10999e-08
0.445581
1.88007e-11
4.43211e-06
0.0052069
6.66134e-16
9.88969e-07
0.980452
6.51259e-09
0.980613
1.64313e-14
7.07177e-10
4.39648e-14
0.981807
7.99361e-15
0.000570939
4.11893e-06
4.552e-06
6.88338e-15
4.94116e-12
1.4877e-14
0.0385971
6.68793e-08
0.981744
1.58417e-05
0.00416579
1.93179e-14
0.981547
0.00780847
4.44089e-16
9.03462e-08
0.974825
7.44316e-12
0.981272
0.000994502
1.30598e-07
4.90719e-13
0.981722
2.03744e-08
0.981807
1.94223e-06
0.98172
1.96458e-05
0.975081
0.000740175
1.231e-10
8.59103e-09
4.66294e-15
5.33795e-13
1.16998e-11
4.63806e-05
0.0181261
2.12941e-13
6.43347e-10
4.996e-14
1.5928e-09
2.3957e-08
4.86479e-05
6.88338e-15
2.08722e-14
4.44089e-16
4.44089e-16
4.21885e-15
4.44089e-16
3.81991e-10
6.88338e-15
0.00648207
0.680425
0.981785
1.4404e-12
1.04361e-14
2.4887e-08
6.45967e-09
4.38209e-06
9.03159e-07
4.44089e-16
7.21681e-10
7.26616e-05
7.40881e-10
6.61693e-14
1.20026e-11
2.92211e-13
2.77498e-11
5.45211e-11
0.978172
0.975684
9.19531e-12
2.56906e-13
1.35625e-12
0.0175415
4.53382e-11
5.05415e-10
2.70894e-14
1.27898e-13
1.63638e-06
8.34731e-10
1.57967e-10
2.12683e-08
7.77156e-15
0.000196923
0.979417
7.54412e-08
1.94782e-05
0.00687253
2.22045e-15
1.02141e-14
5.26246e-14
5.00888e-12
1.47507e-07
8.88178e-16
0.000160401
4.88118e-11
0.00405248
5.28466e-13
4.64073e-14
0.00984381
0.048282
6.84579e-08
9.70335e-14
0.976039
0.00124182
3.05219e-08
0.139361
0.00102574
0.000324039
0.000452551
1.93845e-13
0.00206046
8.43769e-15
0.979311
0.0630991
2.49272e-08
3.55193e-10
2.3251e-08
0.024271
6.66134e-16
0.981662
0.965341
0.979667
0.96347
1.9984e-15
1.30436e-11
8.0118e-09
2.56875e-09
5.18141e-12
2.67009e-12
6.50209e-11
1.71132e-10
3.745e-12
5.32907e-15
8.22512e-08
9.73146e-07
0.00167286
0.979544
0.98179
5.14297e-05
1.33227e-15
0.0804129
3.86938e-05
7.58493e-10
6.27868e-09
0.947243
2.02061e-14
0.0129195
1.14242e-12
6.06487e-09
0.979192
1.17793e-06
2.39808e-14
8.58424e-13
1.75415e-14
2.494e-06
6.28979e-11
8.88178e-16
1.55431e-14
4.15223e-14
0.000427903
0.980868
2.98615e-08
3.95239e-14
3.4261e-08
0.97665
1.79521e-06
0.981803
1.3034e-13
3.3597e-09
7.90085e-07
0.0463512
5.85532e-13
6.35952e-09
1.64607e-06
0.00367412
4.2758e-09
5.77316e-15
2.62407e-09
7.3741e-07
2.22045e-16
0.00174938
2.22045e-16
0.000398788
4.65628e-13
9.63878e-07
1.77636e-14
0.917465
3.99421e-07
0.980847
0.00130709
6.88727e-06
0.00143127
8.21565e-15
9.75402e-06
0.0265719
2.44885e-10
2.78484e-07
0.981727
2.20164e-11
0.234093
0.976706
4.43563e-11
0.000966911
3.93662e-10
2.00817e-08
4.0037e-07
1.0189e-10
1.92069e-13
0.981581
0.672686
0.98179
0.000182592
0.0543601
1.07359e-12
7.10543e-15
3.17524e-13
5.37348e-14
3.92641e-12
0.948892
0.981791
1.54046e-06
0.981806
0.120497
0.0145289
0.981807
0.0190043
3.4861e-14
8.28204e-12
0.0299982
0.981753
7.5485e-05
9.7353e-10
6.21725e-15
5.26992e-11
6.9007e-12
1.33227e-15
4.6676e-07
3.52422e-05
6.73417e-12
6.78608e-05
0.0291918
0.981706
1.3061e-05
0.892945
5.03774e-08
1.94766e-08
1.8801e-09
0.975347
0.0304418
0.971125
1.39888e-14
0.97177
1.75588e-10
4.68895e-09
0.980967
0.00272939
2.49896e-11
0.00253275
1.06905e-08
9.89448e-08
2.88658e-14
0.981043
2.64166e-12
1.63027e-07
0.981807
0.94077
3.43281e-13
0.000505403
5.50671e-14
0.000376863
2.35458e-11
2.39808e-14
2.30926e-14
7.26157e-11
1.02585e-13
0.00167513
0.966425
0.155699
0.000144868
1.91465e-05
0.0123665
1.64313e-14
1.78378e-06
3.09965e-07
0.000828184
8.21565e-15
0.000191192
0.981228
8.97811e-11
2.46306e-08
0.0171607
7.43849e-14
8.55081e-09
0.969219
1.42553e-13
0.954384
6.66134e-16
3.7969e-10
0.981807
1.95054e-07
1.44795e-12
7.0801e-05
0.0143141
1.2642e-06
0.981409
1.03695e-13
8.10463e-14
1.17396e-06
0.00145505
0.0845758
4.99343e-09
6.1303e-09
1.90627e-10
0.981605
0.000208073
0.00363644
0.827806
0.337068
1.28867e-05
0.979807
2.24064e-05
0.981646
4.53767e-09
1.34337e-13
0.0761839
0.00164747
8.64759e-11
6.36449e-11
1.13243e-14
2.88658e-13
6.52209e-11
2.38578e-11
2.97305e-08
1.95764e-07
1.30692e-09
3.0628e-09
0.951675
3.00676e-07
0.0441853
5.22959e-07
0.0166711
1.0656e-09
3.81473e-13
2.87992e-13
1.27755e-10
5.64548e-08
0.000148448
4.51679e-10
8.88178e-16
4.88379e-07
1.75415e-14
1.77636e-15
0.367629
1.28448e-09
1.37668e-14
4.38205e-12
3.9746e-14
0.981797
1.78145e-05
1.79501e-08
1.11022e-15
5.54063e-07
8.24633e-09
7.43405e-07
1.90958e-14
1.35447e-14
5.81535e-13
1.49436e-13
9.43132e-08
1.0306e-11
9.75331e-12
0.00405507
0.981798
0.981399
2.86409e-05
5.98828e-11
2.82776e-10
0.00617168
2.56772e-12
0.976684
2.36462e-11
1.23389e-07
0.928166
4.70311e-05
7.05036e-12
1.68852e-11
1.3296e-12
0.977474
1.59006e-12
0.980727
3.07013e-06
1.53643e-07
1.66733e-12
4.44089e-16
5.87753e-07
3.7792e-12
0.0150906
3.7046e-07
1.66368e-08
2.70117e-11
4.07452e-13
6.30351e-06
0.981718
0.0224175
0.981711
0.773119
8.88178e-16
1.31006e-14
1.35215e-08
7.08322e-14
6.02584e-09
5.76055e-10
0.00329777
1.49769e-12
0.981776
3.59324e-05
0.00727502
1.26847e-11
3.43503e-13
2.88658e-15
8.61501e-10
2.43761e-11
5.50893e-13
0.533343
8.60423e-13
1.07428e-09
0.000246626
2.16183e-06
6.48806e-05
1.94731e-09
3.67458e-09
0.0536385
2.18492e-13
1.08143e-07
1.76081e-13
1.01563e-12
1.689e-10
1.63562e-11
7.39546e-07
8.57314e-13
3.9321e-05
5.55112e-15
4.77396e-14
0.981349
2.26286e-12
8.88178e-16
4.59786e-08
3.95913e-08
2.34833e-10
0.000168823
1.05485e-08
1.90977e-10
2.11537e-11
1.07301e-09
1.12596e-10
1.15784e-07
0.00260247
0.0140877
0.133468
5.9952e-15
1.95399e-14
0.000609829
2.79776e-14
5.81757e-14
2.60551e-08
0.00142597
0.971488
0.022532
0.979869
2.29228e-09
2.1497e-06
3.40966e-05
0.000636219
8.42815e-07
0.00841481
9.72387e-08
1.92008e-05
1.54059e-11
1.42307e-05
1.44329e-14
0.0963952
0.981097
3.94604e-11
0.98166
2.89434e-10
3.78926e-05
6.66134e-16
5.58206e-08
0.100708
0.000138506
2.17035e-11
0.000336812
2.58749e-12
2.37271e-06
4.70779e-12
1.02044e-05
0.00286362
8.88178e-16
2.77175e-07
8.03217e-11
5.05626e-09
6.66134e-16
3.49099e-12
0.0558935
0.0359634
2.0739e-13
5.54246e-12
1.62652e-11
3.59712e-14
0.981166
2.52525e-07
0.011757
1.14353e-13
7.90112e-06
3.55271e-15
3.46968e-05
5.83378e-12
0.0594214
1.51853e-08
8.53761e-08
1.69941e-08
0.923985
0.14211
4.30792e-06
4.66294e-15
1.1819e-08
0.981757
0.0203436
1.90517e-06
1.33227e-15
6.15907e-12
2.79969e-11
0.0733293
0.0368512
1.07025e-12
1.32216e-06
0.0165354
0.00362417
0.177676
0.91561
2.9976e-13
1.87426e-09
1.8265e-10
4.44089e-15
0.378013
0.00010802
0.23523
3.81604e-05
3.33067e-14
0.00245707
1.23235e-13
0.652149
3.75255e-13
0.00317454
0.981517
0.00156548
2.22045e-15
5.57081e-05
0.121701
3.76617e-07
0.0442916
4.44089e-16
3.77476e-15
4.42313e-13
2.53579e-05
3.73941e-09
5.37348e-14
0.98034
3.24185e-14
9.19265e-13
1.04208e-10
2.70405e-08
4.66294e-15
2.44982e-12
7.83817e-14
0.000167083
1.04361e-14
1.95077e-11
0.672369
0.980746
0.000148673
0.705066
1.88662e-10
3.40879e-10
0.979164
7.96034e-10
8.20229e-10
0.00128569
3.41949e-13
1.34337e-13
3.21092e-11
9.81422e-11
2.0518e-07
7.28883e-08
3.11482e-11
4.07881e-07
4.49692e-06
1.14797e-13
0.000222647
0.672794
1.16517e-08
1.54827e-07
1.33227e-14
0.981756
6.89959e-08
0.981807
3.88189e-06
0.980867
7.91327e-10
0.981804
1.24789e-12
8.29285e-08
2.06501e-14
1.23331e-09
0.827458
2.63831e-11
6.7842e-05
0.176442
1.97808e-11
0.981619
0.00824624
2.49473e-06
0.0199905
2.37912e-06
9.4813e-13
2.7315e-11
0.981187
3.64153e-14
3.45689e-10
4.99159e-07
7.30476e-11
3.54915e-05
1.55431e-14
0.981491
0.00616257
0.979309
0.000368364
7.89346e-12
0.908807
0.933191
1.94718e-09
1.13221e-12
0.9818
0.981191
0.113942
2.15226e-09
0.839765
6.39488e-14
0.979163
8.33799e-05
0.981456
2.06462e-11
6.26725e-11
9.38779e-10
1.71996e-12
0.000947803
0.000766074
3.94223e-08
3.77476e-15
2.35171e-10
0.0112068
3.66374e-14
1.60837e-06
0.9817
1.22125e-14
1.77636e-15
0.000874679
0.981804
9.98879e-10
1.26565e-14
0.98173
0.335243
6.94074e-11
0.934928
0.977738
1.50195e-06
0.0018941
5.68212e-12
0.037045
0.00291994
3.81917e-14
3.98317e-11
0.0150538
0.00158906
1.13243e-14
2.422e-11
3.33067e-15
0.000430339
2.82318e-09
4.49107e-12
0.974852
4.25882e-13
5.50022e-06
0.000884634
1.96287e-13
1.60805e-12
5.46253e-08
0.981807
1.28836e-10
2.05885e-06
1.86126e-05
5.46126e-07
0.981564
1.99521e-09
0.450168
0.660918
1.46905e-12
0.980213
3.90355e-05
0.981773
4.75915e-11
5.42211e-12
4.61853e-14
0.00238944
3.31957e-13
8.37053e-05
0.00296186
0.980422
0.46888
0.00629354
0.000107971
0.981807
7.22506e-11
2.66454e-15
0.00171528
7.84893e-09
7.98558e-08
6.74349e-12
0.981513
0.98148
0.333274
1.51327e-10
4.50278e-11
1.39684e-06
5.01114e-06
2.25637e-10
4.41869e-14
0.000358526
1.33227e-15
0.00230218
3.25622e-10
0.000718206
1.55431e-15
1.97055e-06
5.17364e-14
4.44089e-16
1.25013e-09
0.885219
0.00177029
0.00189844
0.000127446
0.980475
0.981751
1.77636e-15
4.44089e-16
0.897409
7.79504e-06
0.981536
8.07558e-06
5.65361e-11
4.88498e-15
2.42239e-07
0.96246
8.88178e-16
4.44089e-16
0.00421125
1.41117e-07
1.19918e-09
0.032082
2.27714e-10
7.43849e-14
0.978257
1.7414e-08
8.68832e-11
6.66134e-16
0.791574
8.88178e-16
2.77784e-08
9.30885e-10
1.09245e-05
0.00296974
1.78977e-11
0.527305
0.0110883
0.980433
7.03437e-13
7.93721e-12
4.19265e-06
0.979637
0.604687
1.24123e-13
8.86194e-10
0.0638342
4.87411e-10
