2.8271 -5.6413
2.7960 -5.1452
2.6215 -5.1774
2.7649 -5.0036
2.7828 -5.6486
3.2314 -6.0625
2.6905 -5.2326
2.8849 -5.4851
2.6234 -4.7439
2.8375 -5.2080
3.0048 -5.9667
2.8982 -5.3362
2.7239 -5.0870
2.2861 -4.8114
2.8678 -6.5009
3.1275 -6.6595
2.8888 -6.1328
2.8630 -5.6339
3.3123 -6.1940
2.9240 -5.8352
3.2008 -5.7126
2.9681 -5.7548
2.2955 -5.4563
3.2082 -5.4202
3.1552 -5.2835
3.0034 -5.1757
3.0423 -5.4526
2.9490 -5.6894
2.8715 -5.6340
2.8785 -5.1246
2.9229 -5.1173
3.1013 -5.7328
2.8637 -6.1347
2.9142 -6.4147
2.8375 -5.2080
2.6443 -5.3919
2.8861 -5.9215
2.8375 -5.2080
2.5295 -4.8345
2.9210 -5.5508
2.7412 -5.5858
2.6591 -4.3819
2.5130 -4.9804
3.1058 -5.5106
3.3025 -5.7574
2.7957 -5.0720
2.9738 -5.8251
2.6710 -5.0941
2.9687 -5.9010
2.8074 -5.4297
6.7961 -6.0002
6.4438 -5.6339
6.9754 -5.8189
5.6923 -4.4891
6.5985 -5.3901
6.1518 -4.8974
6.6066 -5.5986
4.7599 -4.3136
6.5546 -5.5437
5.5012 -4.5941
5.0003 -4.0522
6.0224 -5.2124
5.7737 -4.7668
6.4954 -5.1904
5.3365 -5.0629
6.4389 -5.7830
6.1709 -4.9627
5.7459 -4.9828
6.4537 -4.7729
5.5546 -4.7332
6.6276 -5.2305
5.8681 -5.2479
6.8078 -4.9872
6.4318 -5.1323
6.2254 -5.4651
6.4110 -5.6443
6.8424 -5.5594
7.0687 -5.5821
6.3238 -5.1524
5.2040 -4.9496
5.4410 -4.6122
5.3195 -4.6372
5.6463 -5.0030
6.8901 -4.8935
6.0986 -4.8314
6.3185 -5.5098
6.7318 -5.7228
6.3242 -4.9440
5.7565 -5.0480
5.6759 -4.6351
5.9744 -4.6452
6.4015 -5.2809
5.7402 -4.9125
4.8043 -4.3063
5.8669 -4.8115
5.8425 -5.1035
5.8866 -5.0231
6.1530 -5.3338
4.6029 -4.5632
5.8092 -4.9677
8.0431 -5.3029
6.9254 -4.7398
8.1278 -5.6567
7.4822 -5.1336
7.8611 -5.2728
8.9082 -5.8619
6.0307 -4.1234
8.4433 -5.6671
7.8310 -5.0692
8.4295 -6.0951
7.1733 -5.5568
7.3137 -5.0986
7.6767 -5.5300
6.8559 -4.5383
7.0966 -4.7754
7.4161 -5.4335
7.4606 -5.3555
9.0001 -6.4863
9.3060 -5.5680
6.8097 -4.5537
7.9395 -5.6915
6.7094 -4.7091
9.0106 -5.7715
6.8990 -5.1107
7.7872 -5.6481
8.1255 -5.8731
6.7690 -5.1356
6.8020 -5.1983
7.6342 -5.1039
7.8989 -5.7772
8.3523 -5.6875
8.7437 -6.6852
7.6701 -5.0964
6.9544 -5.1709
7.2910 -4.8133
8.5879 -6.0005
7.6563 -5.4536
7.4162 -5.3628
6.6802 -5.1502
7.6190 -5.6862
7.8256 -5.4973
7.4338 -5.7240
6.9254 -4.7398
8.0747 -5.5907
7.9307 -5.6182
7.4554 -5.5021
7.0370 -4.9397
7.2754 -5.3932
7.4130 -5.4306
6.9010 -5.0318
