0.0187176
8.35334e-10
2.14881e-11
4.4898e-08
0.000548946
1.88325e-08
0.976645
0.000492265
2.07955e-07
1.65584e-08
0.00635588
6.94223e-08
9.63227e-05
2.55889e-05
0.000579848
3.71811e-10
6.37797e-09
5.55245e-12
5.87199e-10
1.28856e-08
1.26781e-11
0.00334993
0.000949986
1.60172e-08
1.0991e-10
6.01019e-05
1.49682e-09
1.2352e-05
3.27921e-09
7.63902e-09
6.73866e-09
1.06905e-10
2.08993e-08
9.63094e-06
3.76901e-11
3.20767e-06
0.000187091
6.70754e-09
0.000105062
3.94799e-05
2.1208e-07
0.000104801
0.0106675
3.01732e-05
1.75898e-10
3.10244e-09
1.63109e-07
1.54004e-06
0.000533528
1.06835e-07
0.00100938
5.62247e-07
5.25273e-07
0.00222905
9.07712e-08
1.08655e-11
0.000127414
1.37043e-09
0.0632694
0.00423681
9.53307e-06
0.0020656
3.30813e-09
0.00683283
8.57582e-07
4.1816e-10
1.85398e-10
4.5783e-09
2.09092e-08
0.0133103
1.38212e-11
0.00157984
1.58357e-08
5.03558e-08
4.73258e-06
1.04875e-07
2.31508e-11
3.31883e-06
5.99645e-05
6.34696e-06
1.13056e-11
2.03545e-06
6.86204e-07
2.60273e-10
5.87537e-05
7.30363e-09
7.92451e-07
7.53842e-10
5.3572e-07
9.99818e-08
0.000485077
1.46307e-10
0.970071
8.80453e-07
6.30459e-06
0.00300632
0.00676875
5.51306e-10
1.1795e-08
0.00282538
5.78811e-10
1.41717e-05
0.0162618
0.000254513
0.984916
0.000129464
0.97996
9.77942e-07
5.64277e-05
1.55665e-08
3.28451e-07
0.000730549
0.0135349
3.43093e-10
0.982432
0.000850253
7.00519e-08
2.1386e-08
5.93592e-11
1.14062e-08
9.76229e-05
7.92862e-07
0.000211169
0.0156604
1.65477e-06
0.0227053
5.76189e-08
2.1379e-07
3.85878e-07
8.97578e-11
1.91929e-05
2.90648e-11
0.000847332
1.51578e-06
6.56011e-10
0.0306509
0.980925
0.960863
0.981886
0.0194867
0.980882
0.0624227
0.000326543
2.37534e-11
4.11706e-10
0.985675
0.000458267
0.978028
2.85384e-08
3.18571e-08
5.37895e-08
5.39798e-05
0.000166003
0.0380585
2.58371e-12
2.11892e-09
8.88107e-06
1.45374e-05
1.3551e-06
1.58018e-07
0.000418849
6.47404e-11
0.000197468
1.80724e-08
0.00438695
6.01052e-05
9.38186e-09
4.43326e-10
8.03739e-11
5.84295e-09
1.42244e-05
7.1565e-12
0.0436692
0.977982
1.64884e-11
0.00062846
1.34736e-10
5.5055e-10
0.984609
8.51031e-08
0.000467961
0.974458
0.000104677
0.100061
2.0059e-08
7.32959e-06
7.92941e-11
1.73079e-09
0.00190357
2.2856e-08
0.00317988
0.000118067
3.50423e-09
3.99009e-08
0.957139
1.75731e-11
6.79188e-10
1.46383e-06
8.82651e-06
1.64985e-08
1.45715e-08
0.00151968
6.09246e-11
8.50298e-12
0.000281613
0.000223781
5.19769e-09
1.75787e-07
0.000282708
2.71507e-05
7.16063e-05
2.68634e-11
0.00173818
2.35138e-06
9.43092e-06
5.10122e-10
2.87866e-06
0.00136979
6.03699e-08
4.33409e-07
7.19876e-10
0.011275
0.00242932
4.95006e-07
0.00158288
1.14151e-05
7.12086e-06
4.55857e-08
1.54221e-11
0.0117097
0.985855
6.56895e-11
2.38668e-07
0.106369
2.51951e-08
2.84858e-07
9.67734e-08
3.16092e-07
2.72747e-08
0.00419985
6.77825e-07
4.81647e-10
8.116e-05
3.38866e-08
2.56972e-12
1.24552e-07
4.75892e-09
6.24661e-08
2.29354e-05
3.39028e-07
0.0153308
2.9379e-06
0.00200516
2.39228e-10
0.00154928
2.16551e-06
3.76935e-08
0.00549736
1.21334e-08
2.09834e-07
1.92459e-10
0.00125804
1.18261e-05
0.000483494
0.00124018
4.14432e-05
7.2359e-11
0.0119665
1.07059e-05
4.19541e-08
4.1328e-09
0.000106895
2.5995e-05
0.000343175
7.95531e-05
5.47594e-05
2.99901e-05
1.64258e-06
6.12281e-11
0.985966
7.28338e-05
1.79796e-05
0.00555603
4.92584e-11
3.84279e-07
2.93621e-06
3.58358e-12
4.95177e-09
0.000216725
2.25898e-06
0.000344358
1.18351e-08
5.2959e-05
0.000168383
2.19379e-06
0.978794
2.49076e-10
2.1779e-05
5.31406e-06
3.42792e-10
1.78551e-09
1.86195e-07
1.48771e-06
0.000303381
2.9452e-06
0.00209789
1.42889e-10
1.56261e-05
3.08797e-12
1.36291e-11
3.56388e-10
0.000141993
3.48483e-08
2.21086e-06
2.13714e-07
4.12357e-06
3.25983e-07
0.985334
0.971015
0.000201817
5.25016e-11
3.32225e-07
3.99898e-05
1.89522e-05
2.46092e-06
0.000641178
1.50654e-09
3.783e-10
1.82676e-07
0.985111
3.63662e-10
3.16834e-09
0.0180722
0.00509856
0.000263641
0.0033859
2.85413e-07
7.33942e-11
1.95278e-07
3.24426e-06
0.0474239
0.000365652
0.975215
0.000130857
0.00149041
2.40501e-08
7.72961e-10
8.82387e-05
1.30104e-07
9.59519e-07
6.34786e-11
1.07475e-09
5.57999e-09
5.91191e-07
1.05771e-07
9.95672e-08
2.07142e-06
5.49311e-06
0.98239
0.000136254
1.2747e-06
2.34935e-07
0.984233
3.01205e-08
3.14215e-10
4.09043e-08
0.00174224
0.0127756
0.000214597
0.0020288
1.77422e-09
1.69681e-08
6.99401e-07
1.56802e-05
0.000769658
3.08693e-08
0.0728482
0.959898
1.89856e-09
0.0457482
5.98117e-11
1.6071e-09
4.39011e-07
6.4304e-07
6.67992e-09
1.0134e-05
0.00332763
0.972899
6.97237e-08
4.57105e-05
0.0167363
2.50658e-06
8.20779e-09
7.99806e-07
0.00470625
3.02287e-06
0.171077
1.7794e-09
3.0278e-12
1.59723e-05
0.985369
4.69621e-07
1.08978e-10
0.213667
0.00031926
0.000309657
0.000371012
4.25445e-09
0.000665799
5.6838e-06
0.0175207
0.00027117
6.32811e-09
3.69873e-07
8.60882e-11
0.00386113
5.37966e-05
0.00161303
2.54574e-12
6.87367e-05
2.13535e-10
6.96123e-06
0.000228418
3.15238e-05
0.0234812
0.980828
4.89552e-06
7.50223e-08
6.64634e-06
3.31889e-07
0.0193151
0.000288157
6.8951e-10
0.000450525
0.983496
6.01263e-11
0.0051661
0.000421727
1.82751e-10
9.66718e-11
1.64451e-09
0.00522602
0.00283502
0.0259365
4.21316e-11
2.96908e-05
2.22613e-08
3.74282e-08
4.90572e-09
5.63597e-09
3.96185e-05
1.602e-07
1.33953e-08
0.000572922
1.00408e-05
6.79546e-08
4.13669e-09
0.00149754
0.0051829
1.97131e-09
3.08488e-05
1.60858e-07
4.21871e-09
5.4089e-06
2.37099e-09
1.50267e-07
5.17665e-10
1.31408e-08
2.83304e-11
1.20404e-10
0.000137912
3.09479e-08
3.94497e-09
0.0294882
0.985943
0.00676847
4.39043e-07
9.106e-08
0.000838911
2.11531e-09
4.7447e-05
0.011938
0.983951
6.39053e-06
4.41235e-06
0.986045
2.70417e-11
0.0118613
3.56798e-06
5.31508e-08
1.28852e-11
6.66462e-06
5.16007e-09
5.3748e-07
5.65341e-08
0.000681444
0.985498
0.968513
2.46194e-11
0.00794028
3.6346e-05
5.65303e-06
1.57345e-05
1.46802e-06
3.99103e-09
5.1831e-05
4.98731e-10
1.79325e-11
1.71845e-11
7.43129e-05
2.43748e-05
0.984413
1.60776e-07
9.05193e-08
4.4673e-05
2.19647e-05
0.00183285
5.00614e-10
8.06156e-07
1.26572e-09
2.04943e-09
9.19264e-08
4.32114e-07
0.0260222
3.51756e-09
1.16458e-05
1.5062e-10
1.56803e-11
0.982635
8.32214e-10
6.26356e-07
7.21696e-07
6.13487e-12
1.3554e-07
2.38919e-06
0.000445929
4.88916e-11
9.62364e-12
0.00328628
0.000337894
0.000198563
5.84508e-05
2.71959e-08
7.93464e-08
2.77903e-05
0.00179414
0.0228545
0.000125153
3.76041e-11
0.0012723
1.15651e-09
7.3592e-07
8.16862e-07
1.95002e-07
1.27438e-06
0.00417091
2.57901e-07
2.20038e-10
0.956541
1.68355e-07
3.89605e-05
5.67032e-10
2.5177e-07
0.000272068
0.000521639
0.00108014
1.66868e-08
9.79653e-10
2.01678e-08
2.3195e-09
1.96371e-10
2.80478e-05
1.29851e-05
2.10651e-09
8.64909e-06
2.69007e-12
8.51241e-07
7.01585e-09
0.00376796
1.37613e-05
0.966794
3.38545e-06
6.83871e-11
7.00831e-06
2.23821e-07
0.000101271
2.5168e-06
3.83783e-07
8.1976e-08
4.52959e-05
2.54338e-05
1.48689e-10
0.0350735
1.65285e-05
2.64413e-07
2.05693e-10
1.41621e-05
0.00284046
3.20563e-06
0.0027934
1.93663e-09
2.22052e-08
8.5789e-08
1.88415e-10
1.90137e-11
7.18344e-09
1.0665e-10
2.483e-10
1.55307e-08
2.6205e-10
4.995e-08
4.2778e-11
4.80156e-06
0.0476654
5.92384e-06
0.000159659
8.70154e-09
0.985851
1.38141e-05
0.000228756
5.89211e-07
7.12949e-10
3.14024e-06
5.28364e-11
3.33828e-09
5.96616e-05
3.11711e-11
1.03861e-05
4.80548e-07
0.0311306
2.32843e-10
1.59358e-06
1.12616e-06
7.62166e-08
0.982107
5.30362e-10
2.22978e-07
1.22999e-09
3.86483e-10
1.76471e-05
9.20252e-05
1.07401e-08
0.969471
4.62462e-07
2.9168e-10
3.45817e-10
0.00353177
1.43261e-08
0.416006
6.6245e-05
2.62572e-06
0.000246151
3.29013e-05
3.7246e-05
0.98615
0.000370848
0.000350834
1.46414e-09
0.00131316
6.13087e-08
6.47781e-09
0.984503
5.06403e-05
0.00916062
1.15965e-08
0.982255
7.04214e-12
1.611e-08
3.13124e-07
0.001192
0.000132809
0.025026
0.000250016
5.29177e-12
2.49547e-05
5.50429e-05
8.99883e-07
1.01926e-09
0.000439135
8.03513e-12
0.000282854
0.977904
7.22646e-05
0.00288318
1.19389e-11
2.01473e-06
1.12405e-07
0.845186
0.00147378
3.20282e-05
4.22662e-05
0.00552111
5.27205e-07
0.983427
0.0134339
6.68939e-05
7.92255e-10
0.0174467
7.85931e-11
2.50565e-09
1.32844e-05
7.18887e-09
2.07785e-11
1.76997e-07
0.981289
2.62302e-10
0.0029214
1.09259e-08
1.74622e-10
0.00227786
0.00193151
5.24888e-09
0.000440871
2.49892e-05
1.08218e-08
1.07826e-08
1.60222e-07
0.983161
7.93123e-07
9.45059e-07
1.06014e-05
5.53267e-06
6.6149e-10
3.3139e-05
5.79081e-10
8.16836e-05
1.44999e-07
2.32079e-07
6.07874e-05
0.000232958
5.29426e-06
0.000273778
1.05387e-11
0.985233
4.14481e-10
0.97548
1.4488e-10
0.975337
0.98347
7.40408e-06
0.000202037
3.13776e-09
0.00541518
2.53595e-09
3.12448e-09
2.21484e-08
1.6275e-05
2.00603e-09
7.48416e-06
5.19384e-05
5.63078e-05
4.16161e-07
2.16756e-10
0.981894
0.00651134
2.41383e-08
1.35624e-10
8.66711e-05
1.37495e-07
1.54231e-06
2.60375e-05
2.58855e-05
0.97597
1.60915e-10
0.966462
8.60167e-08
1.23543e-09
2.75034e-06
6.20628e-11
2.41618e-11
0.000306203
1.11227e-10
3.4418e-06
1.98588e-06
5.15772e-05
0.984499
7.15041e-08
1.79148e-05
5.57329e-08
0.985224
1.0981e-11
0.00058779
2.0334e-05
4.50889e-06
1.18164e-07
1.43614e-09
2.63941e-10
0.985126
7.06293e-05
7.55047e-11
8.77543e-10
2.41178e-10
0.000175474
9.15122e-06
1.11471e-05
2.41157e-09
1.6143e-06
0.00238051
3.55029e-10
0.155391
1.84668e-08
0.000161107
0.000352673
6.04417e-06
0.0340687
7.7429e-11
4.94208e-09
4.67646e-11
5.15709e-07
1.96236e-05
1.06193e-07
0.00243376
0.00044131
0.0226911
4.7477e-06
0.0145574
7.13219e-10
0.00240175
0.984882
7.90896e-08
0.00741977
0.000166474
1.59103e-08
0.985771
6.65927e-11
0.767944
1.30459e-08
4.23419e-07
0.0001992
4.00857e-05
5.96053e-06
1.08474e-05
1.90715e-06
1.68261e-05
5.83358e-07
4.19228e-10
7.43278e-09
2.64649e-09
0.00353549
2.63409e-11
3.29276e-10
6.51696e-10
0.434787
3.96107e-05
3.90814e-10
2.19571e-07
5.1752e-05
6.61595e-09
1.01181e-07
0.983894
3.43819e-07
6.53101e-09
2.02284e-09
1.22609e-06
6.30315e-08
2.54374e-12
2.69875e-10
1.6858e-08
1.36977e-11
1.09875e-09
6.67281e-10
0.948671
2.3169e-06
0.0528421
7.81575e-07
0.982017
3.04135e-06
7.49011e-06
0.000880998
1.66695e-08
0.971615
0.0210309
0.0243497
1.3551e-08
4.51084e-10
1.07734e-06
0.000439075
4.73086e-07
3.93923e-11
0.00810244
0.974971
0.976088
0.000119841
1.24456e-06
1.77074e-11
2.02837e-08
2.46426e-09
3.1184e-07
0.000493607
0.000388528
0.000351335
3.10381e-11
8.57737e-10
7.11284e-05
4.17849e-10
3.95964e-09
5.84955e-08
2.56084e-12
0.000144422
3.25511e-09
2.41735e-05
0.0195271
0.83058
4.55485e-11
0.986148
2.62477e-06
2.86236e-10
1.17114e-09
7.09655e-05
4.79467e-10
1.39201e-06
2.67371e-08
5.52508e-09
9.90019e-11
0.00057586
0.978512
0.000136643
0.00685854
0.985219
1.17165e-08
1.2868e-10
1.14567e-08
0.00140336
0.00880914
0.0015653
2.09022e-05
0.00307668
1.28119e-07
1.44269e-06
2.00531e-06
8.49339e-10
0.00192843
1.53586e-06
1.16099e-09
0.985797
2.37011e-07
3.21341e-06
0.00132637
1.23688e-07
1.25801e-05
0.00017893
2.25248e-08
2.06835e-05
4.23972e-12
3.13157e-09
0.0104167
3.42743e-10
1.32142e-05
9.21816e-10
3.50435e-09
1.27411e-08
1.68206e-05
0.000576344
0.0102443
2.50595e-08
7.88502e-07
0.000298942
1.38769e-07
3.22757e-07
1.20158e-09
8.22454e-07
8.98197e-07
8.20268e-10
1.6181e-07
1.26632e-10
5.02663e-06
0.017668
1.03202e-07
6.18172e-08
3.60827e-06
8.56161e-07
2.58593e-11
0.000112739
0.00025301
8.3239e-08
1.36801e-09
1.12371e-05
4.12702e-10
3.03869e-05
0.000121138
3.97551e-08
4.47716e-06
0.000380506
0.00675996
0.149832
0.0127739
0.000208711
6.34466e-08
3.3697e-10
1.37314e-09
2.68561e-07
3.49225e-08
0.00944046
8.44275e-05
0.000791923
5.80722e-11
1.57505e-08
0.984002
1.21969e-09
3.38092e-05
7.26618e-06
0.000775763
4.44925e-07
0.000133205
1.79726e-07
0.0143164
9.47864e-12
6.14465e-08
1.23423e-11
5.46664e-07
2.68541e-12
2.99161e-09
2.32685e-11
1.39953e-05
0.00013954
6.88705e-08
5.99419e-06
6.34298e-07
0.0261986
1.10219e-10
0.000163888
2.24808e-06
1.51895e-07
0.0030069
0.000106447
2.70462e-09
3.38067e-06
9.45033e-06
0.00133121
9.98894e-06
5.61891e-08
0.120935
3.63626e-05
1.10651e-06
0.000930279
7.89182e-10
1.05917e-07
2.76242e-05
7.75216e-10
3.87135e-12
1.98596e-07
0.981557
0.000120055
0.000298578
1.57693e-06
4.04472e-05
2.43339e-05
3.42075e-06
4.85738e-11
0.00880419
2.21164e-08
3.30691e-12
1.9255e-09
6.3071e-08
2.43783e-07
0.357887
9.33542e-12
0.00845728
4.4756e-09
4.10727e-09
6.32687e-08
1.2304e-10
3.62661e-11
0.984585
5.74671e-10
1.53966e-11
1.11103e-06
1.59324e-09
7.97157e-05
2.5524e-12
3.01093e-05
7.11624e-08
1.09784e-09
6.67978e-08
7.63243e-08
5.18666e-10
3.867e-05
9.74777e-07
5.87306e-06
5.5116e-07
0.00951881
5.20831e-08
2.85164e-06
0.0443576
0.0258622
0.134016
6.28732e-07
0.985268
6.03763e-09
2.99805e-12
1.22686e-08
2.84375e-07
2.35871e-05
3.32977e-05
0.000202309
6.89249e-12
1.38737e-06
9.6352e-11
4.30174e-07
6.30025e-05
1.69887e-09
2.54374e-12
3.3727e-07
1.29501e-06
8.29332e-06
1.09559e-08
5.74003e-06
4.14875e-08
1.50664e-09
0.0025451
0.002917
8.85884e-05
0.00115253
5.21507e-10
8.93481e-06
1.27108e-09
1.42473e-08
0.0129217
2.9603e-11
8.82294e-12
1.68535e-07
2.63138e-11
1.77318e-06
2.48426e-09
1.01338e-10
3.76005e-08
2.02767e-06
0.000250198
0.0799741
1.75322e-05
7.50642e-05
1.41438e-08
0.00150077
4.31581e-08
6.37648e-11
3.33033e-05
5.89921e-05
3.20632e-06
5.23355e-11
3.36567e-05
9.3423e-12
9.11911e-11
5.24736e-12
6.31134e-09
1.77919e-08
0.000104504
2.78222e-07
7.33199e-07
2.39196e-08
0.062479
3.7529e-06
9.32443e-05
1.2397e-05
0.000928972
6.41669e-09
5.09536e-09
4.20672e-10
3.16251e-05
8.77381e-09
0.963432
9.70927e-08
2.41702e-05
2.79643e-12
0.000570582
2.06156e-06
0.000583472
1.44059e-05
1.0008e-08
0.985925
1.4237e-09
4.85889e-08
1.70557e-11
3.49001e-09
1.57785e-09
9.15193e-05
0.00387035
0.000136693
0.970774
1.08145e-07
0.98525
2.87901e-11
3.66601e-08
0.000128873
2.28455e-10
3.44055e-07
0.0184225
3.13973e-06
3.24455e-08
0.974062
0.000145514
2.47586e-10
1.8717e-05
1.00176e-10
0.0540553
1.81599e-07
8.51624e-10
0.00821642
2.40427e-09
0.0162395
2.75513e-12
1.03037e-07
5.11901e-07
0.000803827
2.57155e-07
8.156e-06
0.982415
0.000177144
6.60432e-11
5.2643e-10
7.6585e-11
0.985376
0.000369277
6.74335e-06
9.72377e-07
2.00246e-05
0.00303443
2.15355e-08
0.0142991
7.41139e-09
2.43608e-08
0.00511398
0.000707619
1.76386e-11
3.1204e-06
1.45117e-08
0.0204867
1.21506e-10
5.76752e-11
3.62304e-05
0.00130274
0.000603595
1.26979e-09
2.07977e-09
2.32731e-09
3.81895e-12
3.94054e-08
0.000896242
1.84865e-07
0.00166854
0.00113618
1.58389e-07
0.000224343
0.000363847
4.30253e-05
2.58469e-10
3.71285e-07
5.26992e-05
5.6441e-08
0.000636635
6.9495e-06
0.00053434
0.952747
4.57065e-05
5.89715e-06
2.01366e-11
2.60081e-12
1.0293e-06
6.39816e-08
2.82654e-09
0.00799724
9.86099e-09
3.17731e-08
1.04247e-09
8.29001e-08
5.05139e-07
5.64057e-08
1.88676e-11
3.27626e-07
1.19411e-06
0.0473301
0.976942
0.984178
1.20437e-10
2.11798e-06
1.2077e-05
1.25012e-06
0.00292499
8.00878e-09
0.000372708
0.971962
1.84315e-07
7.05542e-08
2.34208e-06
2.68097e-06
7.1491e-07
1.59408e-11
7.27426e-05
6.94134e-12
0.982983
3.66721e-09
0.00337801
3.49562e-09
4.64891e-09
1.69716e-09
3.62421e-12
2.59039e-05
1.00296e-06
0.0001812
1.03177e-05
2.03275e-07
1.76208e-11
0.0057218
6.24e-06
3.34134e-06
9.36384e-12
7.60514e-06
0.968398
8.59697e-10
0.000514475
1.05219e-08
1.65125e-08
0.000175512
1.00708e-09
2.43749e-09
7.92397e-11
4.31043e-10
0.0017015
1.15571e-08
0.00314972
0.00307116
3.05926e-09
5.25218e-11
4.62512e-05
2.78396e-08
2.33025e-07
1.43545e-05
4.81845e-10
4.17066e-12
2.92859e-05
0.000113183
3.16224e-09
0.000314095
1.78012e-10
9.5479e-06
5.4682e-11
0.00519898
1.29934e-07
7.88487e-09
1.27072e-07
3.17352e-06
1.61989e-09
0.316687
3.45878e-08
0.000500545
5.83774e-06
5.59556e-06
3.40009e-07
4.07141e-12
2.57638e-12
1.10462e-05
1.34727e-09
1.57838e-11
0.000706103
1.42017e-08
9.40386e-10
0.976894
7.74078e-06
0.00083756
0.031977
1.99638e-08
0.000914458
2.34698e-06
0.000480633
8.54881e-06
0.000129061
1.18585e-11
0.000129632
9.21009e-05
2.16021e-11
0.00111999
2.44337e-09
0.0065529
0.00015766
7.70695e-12
5.33562e-05
8.0537e-07
0.0856918
1.2869e-08
8.17092e-07
0.000529835
4.68647e-08
3.77755e-07
9.70359e-06
1.20061e-06
7.78242e-08
1.89097e-08
3.75149e-07
8.88951e-06
3.29399e-11
4.29602e-08
0.000546357
0.000464155
1.12293e-09
3.01536e-06
0.000535036
1.40439e-06
2.29917e-07
0.000162288
2.10691e-07
3.35825e-10
2.76929e-06
7.23577e-12
3.13168e-09
1.15751e-07
6.01979e-10
1.23277e-05
7.43113e-06
1.20178e-06
8.63198e-12
6.85755e-08
2.84328e-12
4.93369e-06
1.35745e-07
0.0023383
1.08091e-06
4.78159e-07
0.984338
0.000800754
9.7754e-06
2.71745e-05
0.976255
3.7358e-08
0.00289652
9.64815e-06
2.97747e-06
1.02716e-08
2.72428e-09
2.39177e-07
4.80212e-10
2.82366e-07
0.000407228
3.68762e-06
1.4825e-09
1.94124e-08
0.00117421
1.36596e-08
3.29049e-10
5.20643e-09
0.00010887
0.00198254
7.66647e-10
0.98509
3.05112e-05
4.84196e-07
0.00076051
0.0107937
0.984864
2.1842e-05
0.975475
1.26039e-09
1.07461e-11
2.88378e-09
2.65993e-07
2.59861e-11
8.48963e-06
2.6674e-06
2.13217e-09
0.00308341
0.0508805
0.000644547
0.00876242
2.44884e-11
1.30736e-10
0.981996
0.966947
4.2556e-07
0.000606041
0.000129792
0.981702
4.24187e-05
0.000376828
0.00138905
3.18523e-12
6.6805e-09
0.000148828
2.69697e-08
9.87194e-08
3.61984e-08
9.36364e-08
5.62975e-08
2.41771e-11
0.00861644
5.04214e-11
7.18782e-05
0.97496
0.00146719
1.78537e-05
0.0154846
0.00196916
3.26182e-09
2.27307e-05
1.11879e-09
2.37474e-07
0.000622537
1.48684e-07
1.22933e-05
1.07783e-06
0.00168766
0.0360887
1.30767e-10
0.0189977
0.980806
1.9335e-08
2.91521e-07
2.01111e-06
0.000529108
4.39238e-06
5.15138e-09
2.13204e-09
2.83083e-05
0.953736
2.86967e-05
1.44349e-07
8.966e-05
2.01098e-08
0.00181154
0.000233202
9.50647e-09
1.74111e-06
0.98508
4.53218e-10
1.83846e-11
1.86575e-08
7.19211e-11
0.000215082
0.000569368
1.27847e-11
0.978825
0.000152507
1.41185e-11
0.000289952
0.983456
0.00139755
5.21422e-10
8.99592e-12
4.15021e-06
1.32824e-07
7.71153e-09
0.261559
1.55418e-09
0.00999163
4.48086e-12
0.00284069
2.0808e-11
0.977542
0.000450167
7.05322e-08
1.05303e-09
3.04064e-10
1.52656e-05
0.000768865
1.95326e-09
4.87169e-06
2.42651e-06
0.97447
6.50025e-09
0.00125703
0.00133977
0.000211836
6.45181e-06
0.983741
1.36148e-10
2.17744e-11
0.00359568
0.206576
0.985317
5.46764e-10
8.3128e-09
1.07969e-08
0.983429
2.76013e-08
0.000557666
1.09317e-06
9.12757e-09
0.000269255
3.22984e-07
5.01747e-07
5.40179e-09
0.000291824
1.27236e-05
1.13855e-05
1.00661e-05
3.86456e-05
0.0270146
1.24123e-06
0.000194305
1.40822e-10
6.57095e-08
0.000189153
0.0021249
0.00141675
1.34526e-05
0.00635167
0.000356246
0.00147954
5.8419e-06
3.18991e-11
1.41452e-07
8.43695e-08
9.80931e-11
9.85128e-08
5.0971e-05
6.37979e-12
1.00991e-05
3.29806e-07
4.87366e-12
2.12765e-06
2.29827e-09
2.74344e-05
2.65699e-12
5.8951e-07
2.56814e-05
2.5933e-06
0.00432751
0.0125179
3.6026e-06
2.71918e-09
1.41347e-07
9.86884e-11
1.32004e-05
0.0539606
1.55678e-09
0.0317165
0.974506
1.022e-07
2.43851e-06
1.59026e-07
0.000155168
1.37643e-11
1.47936e-09
4.05044e-05
1.12773e-05
0.000110668
4.10387e-06
1.16841e-07
0.000244421
0.00937586
8.38405e-08
6.97515e-11
3.2806e-08
7.14744e-09
3.56937e-11
2.55861e-09
3.62177e-12
2.75104e-10
1.7363e-11
0.00113099
3.56373e-11
3.35288e-05
0.0110952
2.78152e-09
5.43943e-11
0.000938461
0.000173524
0.968369
0.979242
3.02152e-09
1.35819e-06
8.98436e-05
5.84275e-11
0.000234111
2.75211e-06
9.41436e-07
0.0723228
0.0269476
5.03725e-08
2.5247e-07
1.08458e-09
0.00703347
3.65397e-06
0.000943889
0.000132576
1.74138e-08
4.30981e-07
0.0350101
1.56478e-07
2.19718e-06
6.18473e-06
4.52566e-06
9.10197e-10
1.16516e-08
0.000556559
1.07875e-08
0.00288091
4.65683e-10
0.897524
3.85054e-10
0.00305869
3.93352e-12
5.00875e-05
2.02869e-06
6.62687e-06
1.20412e-05
4.17037e-05
4.72406e-05
2.5633e-08
0.983876
3.04162e-08
4.07785e-09
1.10871e-07
4.97713e-12
0.00161551
1.05536e-10
9.03286e-05
3.57181e-11
0.985777
1.16992e-10
4.34083e-09
1.38564e-05
0.000109147
1.34019e-05
8.64157e-08
3.56854e-07
5.1994e-12
3.06414e-09
1.07223e-06
8.71484e-06
1.8871e-06
1.13087e-11
6.85441e-07
1.46114e-07
2.37204e-10
0.000184987
4.78624e-05
7.29879e-07
3.70621e-09
9.49031e-08
2.28884e-10
2.74099e-08
0.0858029
0.000298387
4.15343e-11
8.51326e-07
5.56155e-11
7.73259e-05
2.773e-11
7.09082e-10
5.00022e-12
4.31073e-05
1.50906e-05
5.56359e-10
6.22921e-05
3.82394e-07
9.49835e-05
0.0022856
4.23687e-06
2.42086e-11
2.65041e-09
4.10481e-05
2.28418e-06
9.37876e-09
2.34813e-07
3.65221e-09
1.88124e-05
0.000103064
0.00263824
0.00256402
2.91874e-09
0.969683
0.00263559
0.976312
1.90685e-05
0.98244
1.43371e-06
6.29576e-05
1.15929e-06
1.15523e-08
3.86571e-11
3.47416e-07
4.76856e-05
5.01145e-10
3.69564e-05
5.08219e-06
1.36256e-07
0.090704
2.13849e-11
1.98037e-05
9.68333e-05
0.00064093
1.61615e-11
2.5617e-07
9.92797e-09
2.54916e-06
0.000286907
6.79688e-08
0.00270418
7.11383e-07
2.8732e-07
0.980475
0.976878
0.00492049
3.81933e-05
8.80851e-05
0.000390896
0.000155281
2.52238e-11
4.73745e-07
2.81313e-08
0.000134303
1.65712e-08
1.53111e-11
2.24563e-05
0.00155877
0.00031465
9.51535e-08
6.92477e-07
7.53163e-07
6.13584e-09
0.00880262
2.28419e-05
2.70187e-10
1.68655e-07
1.16169e-08
2.86374e-07
6.2149e-06
0.00169182
0.151295
2.74839e-06
0.000196552
2.55218e-12
1.08356e-05
1.48316e-09
8.31324e-11
7.29986e-06
0.00471643
7.09963e-08
5.85644e-09
0.00016631
0.00257632
2.59482e-06
1.31977e-07
1.55135e-08
1.49452e-11
0.0124868
1.02091e-05
1.01712e-07
3.32975e-05
8.25388e-09
0.000305339
2.07106e-05
7.06017e-05
2.2452e-06
7.45002e-11
3.22184e-06
1.77576e-08
0.000120805
3.70777e-09
4.21739e-07
0.00152566
6.12586e-06
2.60989e-06
2.06127e-06
2.25566e-08
2.07367e-06
1.99785e-11
7.75311e-10
0.98084
2.97318e-12
1.07749e-07
2.03823e-10
8.65749e-07
7.33451e-09
0.983923
0.000866346
0.00176508
3.38628e-06
2.18581e-08
9.0798e-06
4.81238e-08
0.10463
0.781777
0.966647
6.05111e-07
7.96918e-11
4.50943e-07
0.00338728
0.0016674
0.000127434
0.000194226
4.18121e-07
8.88674e-05
2.32854e-09
1.02243e-07
2.61191e-12
6.53099e-06
5.1471e-05
0.00698256
1.33669e-06
3.3987e-05
0.0079891
4.62862e-05
3.28085e-06
0.0329886
6.06022e-06
1.59113e-06
4.88345e-10
0.00082932
1.00911e-06
1.02527e-07
7.86766e-05
2.9925e-08
2.70469e-06
7.73954e-05
0.0145658
3.82864e-10
5.06229e-08
0.00032103
1.09227e-05
0.00259363
3.02802e-06
1.6052e-07
5.7973e-07
0.000122407
0.00259007
0.979555
0.000133429
2.80867e-06
0.000444301
0.983756
1.5945e-08
0.978778
0.000245695
5.77771e-05
1.20686e-11
1.80178e-11
2.57168e-09
2.35053e-05
2.22404e-08
0.00023168
8.98727e-05
5.52444e-10
0.000177622
8.56377e-08
5.36837e-12
7.57397e-09
0.985377
2.45272e-05
2.36321e-09
9.46386e-05
1.97055e-07
1.92451e-07
0.00016185
0.00586429
8.4988e-11
5.82112e-12
1.09611e-08
0.446214
1.25529e-10
1.05941e-07
5.27057e-07
2.95054e-07
0.975556
1.00807e-08
3.86298e-11
3.29661e-05
8.97725e-09
4.8276e-07
3.22678e-07
9.12011e-05
1.40155e-11
0.013772
7.42822e-05
3.88935e-07
0.00646636
2.20192e-08
0.9749
4.12416e-06
0.982716
3.15462e-09
0.00129172
0.00840807
3.54436e-05
0.0386447
3.11605e-07
0.016097
4.54618e-06
8.1449e-10
1.04276e-06
9.60661e-10
7.17874e-06
5.78684e-07
3.7705e-11
4.6723e-05
0.018605
6.53631e-09
0.000666686
8.68949e-12
8.84069e-07
4.90937e-10
0.000971491
2.36429e-05
5.53432e-05
0.00623199
0.0178242
7.12783e-09
0.000185797
4.76248e-07
5.1935e-07
3.9308e-07
2.41417e-06
0.0578858
0.0493743
8.51924e-06
0.98299
0.981351
0.00692977
3.70472e-06
3.67824e-09
3.03336e-09
6.76233e-08
0.00731446
6.36499e-09
5.84333e-12
1.2905e-08
3.58684e-07
3.37046e-11
9.69141e-08
1.07075e-10
2.67919e-06
9.75553e-06
3.71914e-06
1.49114e-07
4.20142e-08
1.1079e-07
1.01276e-09
3.87298e-06
3.5881e-06
0.102899
1.15327e-06
3.52565e-11
5.54448e-11
0.00912436
2.6545e-06
0.316505
6.31739e-12
0.977383
1.09384e-08
0.000399888
0.0721083
1.23427e-05
3.5576e-12
2.37428e-06
0.0076039
4.02895e-10
0.967783
0.964102
3.30262e-05
0.234221
0.984991
0.00083104
2.01232e-06
4.11351e-06
9.83038e-11
9.56039e-07
9.78973e-09
8.06261e-08
1.94369e-07
0.957473
5.53676e-05
3.66025e-05
4.51195e-12
1.11895e-05
3.07224e-06
0.00186679
1.19893e-06
4.29909e-06
1.00199e-09
0.971973
1.54356e-10
3.24756e-11
0.00416394
4.50548e-05
0.013772
0.00664587
6.02401e-07
1.33041e-07
0.000917446
0.000150277
1.52152e-07
0.135162
0.0130185
4.73584e-10
2.20943e-07
0.100292
5.90639e-12
4.02024e-10
7.00529e-09
8.72132e-08
3.28364e-09
1.81801e-08
8.69873e-11
0.00636726
1.04745e-09
0.000769595
1.1907e-10
7.1839e-05
4.85934e-07
3.54064e-07
1.06415e-05
2.67829e-06
9.91245e-05
0.00422636
7.06589e-10
0.00462568
0.0122988
1.14662e-06
2.15017e-05
5.32197e-09
0.000164144
4.45314e-10
1.14843e-05
0.000155648
2.56573e-12
0.979945
7.01613e-09
7.30828e-10
3.7004e-11
4.41494e-08
1.20579e-06
6.92065e-05
0.982941
0.000299984
0.00250832
6.22717e-06
0.982524
1.11622e-09
3.13846e-09
4.76332e-09
0.974468
1.98532e-07
6.45738e-10
0.00303767
5.56747e-08
1.24042e-06
9.5907e-08
1.67718e-08
2.2158e-09
0.00828842
6.79682e-06
4.46235e-07
5.21205e-12
5.49738e-06
1.92786e-06
0.000396778
8.00764e-05
1.00091e-06
1.34366e-08
8.72518e-11
5.15676e-12
1.33313e-06
2.93184e-06
0.000847561
1.74315e-06
8.62096e-10
2.25295e-07
0.00280564
1.91501e-05
7.12444e-09
0.000187073
1.19273e-05
5.47383e-06
0.00790127
5.46974e-09
0.981549
0.0173576
4.31349e-06
7.17017e-08
3.18408e-07
9.93603e-11
0.981474
0.983146
0.288218
0.00143189
0.00274258
1.23607e-08
2.0336e-06
0.00403894
1.23593e-06
0.0484933
1.07903e-07
0.000403572
1.2501e-09
1.43201e-07
8.49265e-11
1.05243e-10
0.0565697
1.10177e-06
0.000145774
0.000324797
0.0021199
1.64077e-08
2.70044e-07
0.000504241
7.54127e-05
1.88884e-06
7.31362e-06
0.0563681
0.00014274
0.201803
0.0106975
5.34031e-11
7.82952e-05
3.23709e-08
7.75873e-11
4.64907e-10
2.37493e-05
2.27951e-05
0.000314734
2.17624e-05
0.823451
0.0115138
1.04918e-11
8.02651e-05
0.000177641
0.972261
0.000189353
0.0140069
2.89233e-09
1.2211e-08
2.84285e-09
5.51037e-05
0.000543802
9.30264e-09
9.88656e-10
0.000113983
2.46289e-06
0.0180063
5.51872e-07
1.5174e-10
3.26432e-11
1.47558e-11
2.6435e-07
2.90594e-07
1.44105e-07
1.62099e-11
0.00046536
4.41783e-07
1.05818e-05
3.16493e-09
8.1525e-11
0.00515881
0.0961881
1.40641e-06
3.46824e-08
1.35804e-06
0.076776
4.79529e-05
1.38351e-07
9.65044e-10
0.985645
7.44028e-06
3.69372e-08
7.89222e-07
5.14425e-10
0.976972
6.10542e-07
0.000244747
9.79661e-12
4.21149e-06
5.41006e-05
3.2861e-06
3.10616e-08
2.61271e-06
0.0135836
0.0020051
6.12478e-09
0.0367176
1.56494e-05
0.00035103
0.00071906
3.72655e-09
0.0283573
8.01893e-06
4.62841e-07
0.287856
0.00622837
2.52186e-06
0.00332096
1.24708e-10
1.19541e-05
1.47563e-09
0.00019518
3.16036e-07
0.0902614
0.0234504
1.76072e-05
3.19348e-07
0.000364712
1.13552e-10
2.64455e-12
7.69037e-07
4.01981e-10
1.74303e-11
3.76026e-11
1.24527e-08
0.0432199
1.96076e-08
0.776225
3.48727e-08
1.25656e-07
1.39717e-05
5.01253e-09
1.66734e-05
2.08232e-06
1.61862e-08
2.19762e-09
3.81637e-07
0.00143573
0.931139
1.64952e-10
1.38461e-05
1.04215e-07
0.0102891
2.93972e-05
0.949266
3.27177e-09
6.60119e-06
0.00215176
1.78136e-07
1.97956e-06
6.22039e-06
2.44081e-09
1.92151e-11
9.58668e-08
0.000370475
9.45684e-08
9.42863e-06
0.00426832
1.40496e-08
0.000550809
0.000690101
3.27894e-05
2.28246e-11
8.89357e-05
0.961945
8.73236e-06
5.03229e-11
0.806669
4.65187e-07
7.62844e-05
1.15568e-05
0.0092568
2.46698e-06
1.79236e-09
0.983604
6.56441e-07
1.8613e-06
3.27472e-10
8.90547e-06
0.028533
0.00103247
5.81839e-09
0.00102004
8.85798e-11
0.00178944
3.72824e-09
1.98895e-09
3.29673e-06
1.03561e-09
4.33951e-09
5.65081e-08
4.70251e-07
0.0570506
2.54631e-07
5.67058e-09
4.61564e-10
1.8024e-07
1.49051e-05
2.02586e-08
3.42632e-10
3.83813e-11
9.51804e-08
3.27784e-08
0.893558
2.03512e-05
7.55323e-05
0.000849142
2.99281e-10
0.000168925
0.00109925
9.2541e-09
0.000265495
7.27778e-06
4.03907e-06
1.3678e-08
8.56983e-09
0.000144142
0.00238782
0.000428563
5.80361e-06
0.000175503
3.75901e-05
2.76358e-09
3.45498e-06
7.70295e-07
1.03061e-10
9.9617e-09
5.34276e-06
4.74746e-07
1.99e-07
1.73186e-11
2.57416e-12
0.981571
8.19704e-09
0.000200358
4.95797e-07
0.0091866
6.98609e-05
0.000313792
0.000717672
0.000133148
3.1497e-05
0.00330545
0.00337299
3.71388e-06
0.0407039
5.26602e-08
1.67154e-06
2.38752e-05
9.24443e-07
5.48473e-10
9.6232e-05
5.679e-08
1.0786e-11
4.67071e-12
2.74328e-06
5.75577e-11
4.30031e-08
4.74953e-12
8.05085e-08
1.44514e-07
2.46154e-05
0.0338308
3.52278e-05
4.18136e-07
4.38162e-05
5.71362e-09
3.65153e-07
1.49563e-05
0.965809
9.09756e-08
9.44166e-05
1.23887e-08
0.000103846
6.61367e-09
1.95687e-07
0.981557
1.25627e-09
1.88216e-05
0.0117338
6.75151e-08
1.52944e-05
9.07577e-09
6.87342e-06
0.00352658
5.76277e-05
1.43505e-09
0.000903535
1.29334e-11
3.9111e-06
6.56407e-10
0.00139505
0.00139373
5.6526e-10
6.34046e-09
0.974447
1.1442e-05
3.59211e-05
9.46852e-08
2.04736e-05
1.87624e-06
8.11006e-07
1.03672e-09
0.000127837
1.27087e-10
0.000185312
7.03246e-11
0.0112566
9.99534e-08
0.854901
0.00036518
5.21017e-11
1.41396e-10
2.89027e-08
0.000177997
0.916522
1.04606e-10
6.57931e-05
2.55573e-12
4.62537e-09
1.4231e-09
0.922603
0.00558541
1.36309e-05
2.54663e-12
0.0638179
1.01698e-06
0.508995
0.00434594
9.73526e-06
1.14199e-07
4.21629e-05
9.17197e-05
0.000720719
0.00017095
0.00106631
1.02872e-09
6.47882e-06
0.000290343
2.19592e-07
1.37441e-05
0.00954575
0.00531332
4.96638e-11
1.50098e-10
3.47404e-10
6.28068e-10
6.65908e-10
0.271153
1.33537e-05
2.70117e-12
4.08087e-06
4.10065e-09
0.00306348
6.94674e-09
0.00838233
1.09423e-06
1.72356e-07
1.16738e-08
0.0518425
1.1908e-05
3.43214e-12
9.48016e-06
0.000319041
8.69209e-11
1.60139e-10
0.00187717
0.000278585
5.34617e-08
5.9654e-05
0.000887309
0.000413092
0.000263353
2.40116e-05
5.36549e-08
5.50769e-07
1.44103e-05
0.000143931
2.70374e-05
1.34247e-10
0.00208258
2.23559e-11
0.000233118
2.87974e-08
8.30082e-07
1.39964e-06
3.30009e-07
0.263414
1.52007e-07
0.000756728
0.00253941
4.64734e-05
6.3804e-10
0.0211375
0.977036
1.24363e-05
7.09527e-05
0.000600912
0.0124506
1.7939e-11
0.00142016
0.00159826
3.00027e-12
0.000117187
6.7514e-08
0.0713111
0.000447908
6.18836e-10
2.02758e-09
1.6402e-08
2.13194e-11
1.25576e-08
2.80398e-12
0.00242946
0.00574411
2.87992e-07
0.000412379
6.89758e-10
1.76118e-08
0.00205513
0.00800152
1.6685e-05
4.9562e-05
1.08798e-05
0.000112578
0.025836
4.49552e-09
0.0167681
1.2086e-09
1.58963e-08
1.30359e-06
1.13774e-07
1.99908e-09
2.12561e-09
0.000282062
0.000913208
7.70396e-07
0.00112847
0.0105354
0.00117279
0.000741287
1.14081e-05
5.21684e-05
5.44516e-06
1.31205e-08
2.05032e-06
0.056309
2.5531e-09
0.00230049
1.1444e-06
9.90674e-12
8.58977e-05
2.19518e-05
2.16943e-07
9.60819e-08
0.0111906
1.82149e-09
1.864e-08
0.246073
0.000352715
0.0335462
8.91192e-10
0.000479366
0.00275445
0.00720677
5.0715e-12
0.7989
0.000762432
0.000172774
1.47924e-06
0.985279
5.28857e-08
2.5313e-06
1.8383e-05
6.87701e-05
4.72588e-10
5.93352e-07
0.00036742
7.80669e-11
1.82088e-08
0.0040929
0.0575954
1.11321e-05
0.000215651
5.9858e-07
0.000164873
0.00060163
1.81478e-05
1.09342e-06
6.02124e-06
2.04527e-09
1.89656e-08
8.62299e-07
0.000111698
4.14618e-05
4.45595e-09
0.0041249
9.7917e-08
4.88415e-06
1.22067e-09
7.60125e-05
7.13332e-08
0.000363224
0.0651607
0.000147226
6.13254e-11
1.69851e-05
2.95777e-11
0.984021
4.16324e-05
3.88803e-07
2.66051e-09
4.76981e-06
0.00033981
5.52607e-10
4.25951e-10
1.08008e-05
8.02433e-09
0.0018577
0.833224
0.00064179
6.26296e-05
0.00190234
0.000142266
1.19864e-08
0.000274064
3.56857e-08
6.04072e-12
1.16796e-09
0.0279324
4.20604e-07
1.45539e-08
8.73204e-05
1.34108e-06
4.64828e-06
2.671e-08
0.0442138
2.57544e-08
0.00190165
0.00201574
0.00920426
2.20499e-10
6.53597e-11
5.21973e-07
6.8401e-09
1.13459e-05
1.05726e-05
7.76647e-07
8.3903e-08
0.000571557
3.90096e-05
0.000364842
5.54741e-08
9.28449e-06
2.80309e-12
2.09784e-10
1.69658e-06
0.000802331
3.36378e-09
0.0148018
8.57936e-12
6.04107e-08
0.0308627
2.46111e-08
5.90819e-05
2.4773e-05
3.61174e-10
6.31872e-12
0.00168897
3.71009e-10
7.76482e-06
0.050849
4.73697e-07
9.41247e-12
3.12982e-07
0.00671004
1.37553e-08
0.000272226
0.00572963
3.34189e-10
0.000116501
0.000560102
6.55147e-11
3.58992e-09
0.0248718
0.00223882
3.24836e-10
5.28571e-05
4.0135e-10
0.00249213
4.25336e-07
1.47365e-08
0.000373076
1.53504e-06
2.77251e-05
1.35633e-06
1.08594e-09
1.51108e-05
1.32722e-06
2.04858e-11
7.04538e-09
0.000100668
2.76557e-07
3.88048e-05
8.32934e-11
0.00013781
3.6885e-06
0.00435246
7.28167e-10
1.59851e-08
0.000636116
2.38411e-08
2.89437e-09
7.91396e-07
3.14134e-08
0.0342947
0.00277518
4.31642e-06
0.000119599
3.67009e-09
0.0103828
0.0132221
0.104048
9.08407e-12
0.0571315
4.61435e-10
2.55449e-07
4.55658e-12
4.07695e-08
1.11482e-11
0.00010224
1.91174e-06
0.388255
8.79156e-08
0.981972
2.7606e-10
0.00246493
2.12538e-07
1.17032e-10
0.499578
4.12238e-07
0.985739
0.98425
0.796365
1.44611e-07
0.0632808
0.98223
1.9111e-08
4.14085e-05
1.38526e-08
0.00317681
0.00171041
0.984171
3.86941e-08
3.43824e-08
3.42817e-09
0.985459
0.000173593
0.0020911
5.35592e-11
7.03526e-12
2.4191e-06
1.49372e-07
0.000104293
1.02841e-08
0.984456
0.985896
3.24245e-08
4.47986e-08
6.73134e-05
0.0793309
0.000957201
3.68703e-07
2.9121e-07
1.76832e-10
8.96745e-07
5.47258e-11
1.27691e-05
0.982425
8.12191e-05
9.22191e-10
0.000198854
0.00365999
3.5883e-08
1.25976e-07
0.0115085
7.25256e-10
1.59446e-10
2.84304e-07
9.63851e-05
4.85591e-05
0.0207834
0.0277264
1.22998e-10
4.10098e-06
2.32077e-08
