9.33183e-05
2.81551e-08
7.45684e-07
1.5662e-07
0.000449507
0.983314
0.00231832
9.51532e-08
5.44694e-08
3.59018e-07
9.09787e-05
8.64084e-09
3.44877e-05
6.20831e-06
0.00300609
9.20937e-06
6.57754e-08
8.18171e-07
9.55917e-05
5.49367e-05
1.67054e-06
0.00112832
0.000611407
6.13922e-11
0.983868
0.000337972
7.54128e-05
8.05912e-06
8.74034e-12
2.49041e-08
3.84123e-05
6.25862e-11
6.40623e-07
0.964354
1.72731e-09
5.03052e-06
0.000951585
3.55826e-08
2.68944e-10
1.80095e-07
2.12493e-08
4.94885e-05
0.00694716
0.000170841
4.80848e-05
0.981528
0.984257
9.79941e-06
1.64421e-05
0.000132481
1.04566e-05
3.43073e-06
4.43851e-07
4.20592e-08
4.709e-08
0.982624
6.35681e-05
1.04477e-06
0.0346027
6.7971e-08
0.98356
0.0126014
0.983172
7.86666e-05
3.14183e-06
1.43674e-08
1.01639e-11
0.983525
3.42568e-08
0.00235224
0.983927
0.00184917
0.00270791
5.53985e-06
1.20651e-07
0.000913698
1.24412e-09
1.70507e-06
8.84761e-05
0.00255048
5.8699e-10
3.85328e-06
5.30393e-07
0.00513068
2.59831e-08
2.53969e-07
1.74737e-06
0.984245
0.982246
6.3913e-05
0.00255681
1.13671e-07
1.19163e-07
2.75516e-06
1.82541e-06
4.93706e-05
9.46305e-05
4.12281e-07
2.01391e-06
0.0017456
5.73607e-08
4.63601e-05
0.0024897
0.00157202
4.19214e-09
0.00400614
0.00815996
5.08921e-05
0.00118427
0.000100641
2.5094e-09
8.28542e-09
0.983986
2.46765e-08
0.00808687
0.967422
0.983444
2.44601e-07
1.39484e-06
6.21216e-08
1.9015e-10
1.54737e-05
0.00632097
0.0258659
4.50586e-07
2.30856e-05
0.00015005
3.29751e-05
7.97433e-09
0.980423
8.81553e-09
3.29453e-08
0.00252016
0.000113404
0.000583298
0.00660716
1.33397e-05
5.02992e-10
0.00372324
0.0177147
0.000507625
0.00146745
3.09953e-05
0.982969
2.49705e-10
2.27907e-07
6.62787e-05
0.000213028
9.41271e-10
6.01101e-09
2.51299e-09
7.01217e-06
0.000325161
0.0592766
0.00429678
6.84331e-05
3.12133e-06
0.00229702
9.43661e-06
0.983971
9.31244e-09
0.00066995
0.000487882
0.976931
0.00163805
0.00322672
3.37428e-08
1.69902e-08
0.983327
5.75545e-08
6.69617e-06
9.51615e-10
0.0819313
0.0182141
4.69578e-10
0.000213708
9.8336e-09
1.89462e-08
0.00207327
0.00612257
0.00514937
0.00030531
0.000241938
0.00439547
9.17441e-06
1.56695e-06
7.32945e-09
3.33626e-06
0.00931665
9.44132e-10
0.277595
3.84201e-07
4.64441e-08
1.59815e-09
0.00290098
2.72661e-07
4.16318e-08
1.93064e-05
1.9729e-06
4.14028e-06
0.976657
0.00010331
9.86481e-05
5.50711e-11
0.982031
0.000229128
5.5789e-07
9.4013e-05
8.1745e-05
0.971178
0.000417734
3.00542e-07
0.001309
1.07341e-07
1.86888e-11
0.984329
9.68132e-06
0.00328431
4.37348e-08
0.98178
8.30156e-11
0.00135147
0.00369109
2.39803e-05
1.05989e-05
0.00183252
0.982683
7.58472e-07
9.47711e-11
0.000661525
3.66157e-06
3.57778e-05
0.962671
8.00968e-06
1.00444e-07
0.979388
0.895834
0.983661
1.71597e-09
3.4623e-09
6.95151e-05
0.000405055
0.000231389
0.000259405
9.86803e-09
0.982077
4.45167e-07
6.6009e-10
1.71625e-11
2.82674e-08
0.00119896
0.000137278
2.78814e-07
0.982591
0.0103607
0.00831502
8.19455e-06
0.00788541
2.49308e-07
1.35332e-05
2.20508e-07
7.39397e-05
0.000449726
1.89712e-06
0.0016574
0.000674777
9.49135e-08
1.18078e-07
1.28701e-06
1.07014e-08
1.89616e-08
0.00566529
0.0134473
0.0093054
7.63318e-06
1.69351e-05
0.982956
0.972893
0.981402
5.67886e-05
1.70415e-08
0.000223686
9.02501e-06
5.60758e-08
0.976253
2.05009e-07
0.984349
2.7083e-09
0.00705826
0.00078316
0.000172004
9.76867e-06
0.982195
0.0012642
0.00045561
3.25542e-09
0.983798
5.2402e-06
6.87483e-05
5.82563e-08
0.000114727
0.000184595
6.00653e-09
0.00247108
1.88096e-06
3.15151e-06
7.88098e-06
7.63521e-09
9.9957e-05
1.65563e-10
0.983459
7.96319e-09
0.959392
0.092805
5.23177e-05
0.000231635
9.33273e-05
2.45573e-06
0.00737945
0.000802905
0.983051
4.54879e-05
0.000246132
0.982454
4.04461e-05
7.71748e-07
3.90186e-06
0.00486143
4.80274e-07
8.58381e-06
0.00015798
5.92866e-09
0.00217839
1.25997e-10
0.00477755
0.000703502
5.43896e-11
0.000180329
0.983316
4.68796e-06
0.00283969
2.16919e-06
0.000262051
0.98408
1.28464e-11
1.26268e-06
9.20346e-09
0.00750294
3.01546e-07
1.74424e-05
0.98314
2.65682e-05
0.983303
3.70487e-07
5.4208e-05
0.000428335
7.4654e-08
0.000588529
9.66147e-05
0.00129844
2.29717e-07
3.16815e-07
0.00014504
0.983644
2.54238e-09
0.000112742
0.000918373
1.74039e-07
0.00214013
0.000858221
4.82067e-08
1.53061e-07
5.11694e-05
0.000114076
1.94406e-06
0.982449
0.0133493
0.00747931
4.77956e-07
0.000724719
0.983996
0.983157
0.000551686
1.51252e-07
0.983324
2.39402e-06
4.63431e-06
1.24632e-05
0.981118
9.86446e-08
0.975592
1.79769e-09
1.33131e-05
1.92895e-07
0.000549788
2.32947e-09
0.0203021
0.000379374
0.984116
0.000276698
1.62901e-09
3.50469e-08
1.09938e-05
0.982133
3.52441e-05
0.00018459
1.0632e-07
2.57481e-09
0.000238442
1.13966e-05
2.05278e-09
5.82531e-06
6.87168e-06
4.90975e-06
0.0197702
0.000612224
2.26556e-05
1.08107e-10
0.984302
0.978214
3.07725e-06
0.97881
6.70553e-05
0.000323493
1.01902e-05
2.769e-05
1.41497e-07
1.67241e-07
4.01517e-07
1.3236e-08
6.93029e-06
2.30084e-09
3.73918e-07
0.00257902
1.08222e-08
1.01797e-05
0.00949301
3.81743e-09
0.00424147
0.983786
1.28839e-11
0.011476
0.0128261
0.000566091
0.980257
0.000450615
1.07393e-05
0.979477
0.926106
3.58359e-10
8.84193e-10
1.85584e-05
1.6005e-06
0.000108675
1.22293e-06
1.07023e-05
0.982997
0.00574415
0.00263758
0.98421
2.11067e-11
1.2101e-11
2.07467e-05
0.00129308
2.59301e-06
1.71511e-08
2.51143e-05
2.88109e-07
0.982786
0.163103
0.000521437
0.00013948
5.64946e-07
0.977023
0.000122856
5.26462e-08
9.59209e-07
1.30228e-06
0.00104831
0.0250944
7.09764e-05
0.00106278
0.00126868
1.49746e-08
2.28402e-05
0.000132784
3.10506e-09
0.00484707
0.970484
4.51148e-07
3.84142e-09
0.000241613
0.980852
2.58021e-07
9.01523e-12
0.00075834
0.000219315
0.000610876
2.28287e-09
1.81462e-06
0.000254715
2.21808e-07
0.000207927
3.83292e-08
0.981719
0.000394019
7.11289e-08
0.975346
2.72545e-08
4.45871e-08
0.000879584
1.10426e-09
0.00486673
4.47531e-09
9.81981e-05
1.18647e-06
0.00179523
8.77969e-06
0.000158784
6.0425e-10
1.63089e-07
0.982706
0.981981
0.00212298
2.66935e-09
4.58135e-08
1.9658e-10
3.50335e-11
5.3548e-06
0.9832
1.38318e-07
0.981898
1.13752e-08
2.73156e-09
5.43793e-05
3.15269e-06
0.00545271
2.00815e-11
1.21995e-07
0.000581679
2.20146e-06
5.69805e-05
1.63016e-05
0.982028
0.00181045
2.53796e-05
0.0360888
1.63996e-05
0.984069
5.68291e-09
0.000381532
2.12893e-10
1.79442e-06
4.36089e-09
4.861e-10
0.000880127
1.57973e-08
0.983427
6.85975e-05
8.6707e-07
0.000499472
3.7685e-10
6.4512e-05
0.000219346
6.65552e-08
0.971987
4.40134e-09
5.84842e-05
4.99475e-07
2.55136e-05
7.21863e-10
0.000302485
2.16364e-06
0.983851
0.00031148
7.30096e-11
8.27089e-07
0.00199372
0.00271196
5.61754e-08
0.000356741
0.00442754
0.00370435
0.980118
3.32674e-06
4.30105e-09
0.982581
8.65328e-07
0.000140925
3.4373e-08
3.63774e-07
5.96397e-09
1.27501e-07
3.34387e-07
9.13568e-09
0.983224
0.00177412
6.05158e-08
2.30115e-05
1.34019e-09
0.982939
1.73115e-07
0.984064
1.60072e-06
4.20801e-10
2.3258e-08
1.67487e-07
1.11309e-11
1.55668e-06
0.984176
7.6377e-07
2.1842e-10
0.00105027
4.10599e-06
0.980887
2.42851e-07
0.98326
5.04899e-09
7.92222e-05
2.40613e-07
8.02282e-08
0.000305234
0.000160811
0.00355369
0.98297
0.0018346
0.984067
3.53737e-09
1.08774e-05
0.00811802
9.74378e-09
0.000337569
2.97639e-08
3.21569e-07
2.43237e-11
2.20505e-06
1.37035e-09
1.12582e-05
0.000336146
0.000198165
0.00187439
0.983574
0.000486063
2.7553e-07
3.06399e-11
1.85816e-08
0.000386419
6.09281e-10
0.00056372
2.29512e-06
2.09527e-05
0.000998734
1.15401e-06
2.80427e-05
0.00464114
0.00353735
7.70127e-08
0.984204
0.00240422
1.44323e-06
2.72759e-08
6.21352e-08
3.12368e-07
0.00864425
1.49946e-10
2.06948e-09
2.4362e-07
2.58592e-07
0.019118
0.960724
0.000191528
0.0240699
0.0160452
0.984375
7.60703e-05
0.000440918
3.8091e-06
6.45307e-09
0.000356244
2.36242e-09
6.66415e-05
2.54168e-07
2.51561e-07
0.0338032
4.36044e-06
3.22679e-07
0.000241505
9.21503e-11
3.37646e-08
2.68629e-05
0.000364713
2.15956e-11
3.18723e-06
3.3373e-05
0.0162648
0.00177905
8.07435e-08
0.000130394
5.29851e-08
0.0451168
5.72389e-05
1.02478e-11
0.982212
2.24846e-05
0.000146255
2.33265e-08
0.0279623
0.00216282
7.00095e-08
0.000743956
0.00690975
0.96269
0.979826
0.00833357
3.79016e-07
8.61995e-08
1.24971e-08
0.000132583
7.89378e-06
3.52464e-07
0.00101244
0.975063
0.983068
1.30711e-08
0.983444
1.88911e-05
1.41184e-10
3.32166e-10
0.000192924
1.04458e-05
3.34939e-11
0.00145323
0.984248
1.31823e-05
0.984347
0.00103149
0.982881
7.39668e-05
7.08716e-09
6.90079e-05
5.96685e-05
0.981742
0.01641
0.984194
3.59684e-07
0.975719
6.91752e-10
4.13554e-11
1.60792e-05
8.29652e-05
0.982757
0.000851339
2.01621e-08
0.00138728
0.00797927
8.79736e-07
1.54034e-10
0.00710772
0.000176348
0.000173753
9.69263e-07
0.00368259
0.000220679
0.000121338
0.0347083
5.21912e-07
0.000362182
1.08186e-07
0.00123754
0.983458
0.00909608
7.10152e-05
4.71852e-05
3.33971e-10
0.000224176
0.00454066
9.06651e-08
1.59435e-07
9.23811e-07
3.19093e-09
8.34688e-12
0.000231375
4.07204e-06
4.26108e-08
3.9277e-05
3.73511e-05
3.06381e-07
1.48898e-05
0.000191355
0.98418
5.42974e-08
4.78882e-06
0.000323588
0.000389393
1.33326e-09
1.08522e-07
0.000279656
0.021191
1.41086e-10
0.000932434
0.982982
0.000187768
0.00313051
6.082e-07
0.00128814
1.06532e-08
4.65392e-10
3.40963e-08
0.00098268
0.333792
8.85341e-10
6.99115e-05
1.84499e-11
0.00399295
1.52331e-05
0.000692746
2.45469e-09
0.00082131
0.0110334
0.000148874
3.51577e-05
0.983904
1.09597e-08
3.35217e-05
3.72449e-10
0.000151649
6.10829e-06
0.000154753
1.95678e-06
0.00326258
2.424e-05
0.00660329
0.000116603
0.000245398
0.000273312
8.64245e-09
8.29754e-08
1.82803e-06
0.00618223
2.43832e-09
0.981783
1.96198e-08
4.36471e-08
0.974921
4.02647e-10
0.00014167
2.24521e-06
2.13034e-06
3.28647e-05
7.78074e-10
4.98954e-09
0.979236
1.8131e-05
0.00311101
3.00875e-07
3.33418e-11
0.000241166
0.00111456
1.32678e-06
5.60359e-06
8.45552e-09
0.000643549
0.00116015
0.0216831
8.83789e-07
0.000139514
2.38726e-05
5.25456e-05
0.000762419
0.970709
7.85039e-05
0.00866455
0.00643469
5.20268e-06
1.31791e-08
6.05596e-05
4.32202e-10
5.03778e-08
8.25978e-06
0.00166385
0.00207867
0.00553226
5.38995e-06
0.97698
0.982758
1.36697e-05
5.44687e-07
0.00022187
2.98017e-07
3.46687e-07
0.000123256
4.13154e-06
2.34264e-11
1.20877e-05
4.68635e-10
1.73292e-06
1.97236e-06
0.982933
3.46987e-05
9.12496e-07
7.9572e-09
0.000292843
5.55229e-09
0.984283
4.38203e-05
8.36304e-06
0.0365463
1.30574e-09
0.00957702
0.979904
6.28634e-07
2.34383e-08
0.0654019
5.33216e-10
0.00262534
0.000303228
0.000246051
0.00415854
0.00900712
2.88303e-09
9.31459e-11
4.91727e-05
0.0273289
1.83075e-08
0.000358544
0.000267907
0.00304097
2.64492e-05
1.03315e-05
3.17933e-10
3.6218e-09
5.69315e-07
7.27078e-07
1.21761e-09
0.000927338
0.980415
5.95246e-05
0.00118708
0.000651688
1.54133e-09
2.2904e-06
1.03079e-05
4.99921e-05
0.984382
1.20793e-08
5.29939e-05
3.88043e-09
4.47515e-07
0.984061
0.98121
5.65228e-08
4.03359e-07
5.16259e-06
0.000231956
1.05997e-06
3.38091e-08
0.00141536
1.54271e-07
0.000104525
0.00216534
0.980144
1.21507e-06
0.984069
0.981341
6.47657e-06
4.13396e-05
0.983798
5.00387e-06
2.61736e-07
9.03651e-05
9.93206e-09
2.47345e-08
9.38279e-07
0.00020631
4.68878e-08
1.15944e-10
3.7832e-05
3.67039e-09
8.77215e-05
2.32062e-08
1.51135e-07
7.37361e-05
7.48616e-06
0.0113661
8.80004e-06
0.00706654
5.07957e-06
8.09467e-08
1.98843e-09
1.0814e-09
0.00119878
7.5458e-08
0.000969038
0.00432639
0.00014546
1.21373e-07
5.47341e-09
0.000122499
4.98393e-08
2.47768e-10
0.00623813
0.00128151
2.47559e-05
0.000420133
4.55859e-07
3.70811e-05
4.24758e-05
3.96271e-05
1.61648e-08
0.983133
1.01857e-10
6.95196e-06
9.12959e-12
0.00137571
4.76361e-06
2.09389e-07
2.66753e-05
0.00207776
0.00185523
1.90709e-08
0.00174476
0.982888
4.33692e-07
9.23588e-05
0.982593
8.18295e-07
0.000136015
0.000105963
0.982302
0.00059889
0.00344377
0.00418548
2.60223e-06
9.61734e-05
0.00201487
7.73661e-11
1.81326e-06
0.00045876
1.36101e-05
2.93465e-10
3.50678e-05
3.15838e-06
1.70386e-09
0.000974207
0.0814219
2.22813e-07
0.000109361
0.98439
1.35637e-05
0.000120619
1.19728e-07
7.6017e-05
0.962785
3.1552e-10
0.000200534
0.00086364
2.19913e-08
0.00495386
5.86231e-07
9.27961e-09
4.27689e-08
0.983978
0.97204
1.28157e-11
1.37529e-07
0.983886
1.87248e-09
3.21273e-07
3.20132e-06
2.49495e-10
4.37241e-09
3.23496e-05
9.21081e-05
1.30902e-05
0.00197302
1.14198e-10
0.000597459
0.980755
0.0115505
5.5354e-08
0.000270909
1.45047e-05
0.0317157
0.0104552
0.00364179
1.16515e-09
7.20207e-07
4.7127e-05
3.84673e-06
7.86216e-12
0.981014
1.70815e-08
0.000254428
9.43886e-05
2.37417e-08
0.000333895
0.00019766
1.41782e-08
0.000406434
1.08117e-05
0.00355714
8.5198e-10
0.000641098
7.05805e-07
1.95004e-11
9.61248e-10
5.82716e-05
1.15239e-07
1.16329e-11
0.00367891
0.00401487
0.000839403
4.81967e-05
2.10647e-10
2.16665e-07
0.981434
0.000138407
1.27298e-05
4.20814e-09
6.00122e-05
2.99386e-08
2.06967e-09
0.000692804
0.983577
2.94857e-08
9.05365e-12
0.977437
0.00216714
2.54481e-09
5.49612e-05
8.44309e-05
1.69457e-06
0.00175569
3.4349e-10
3.45567e-09
5.93749e-07
1.10444e-05
1.07923e-08
5.72118e-09
0.00309641
0.981239
2.61096e-10
3.81776e-08
1.08953e-05
2.77464e-06
4.89332e-05
0.983684
0.980892
4.73686e-07
1.38969e-10
9.37553e-05
1.82385e-11
0.980175
0.98033
0.978101
8.5587e-06
0.978164
7.33015e-09
6.81079e-05
5.39367e-10
0.0366415
4.11641e-05
3.35741e-08
3.97761e-06
6.53952e-06
5.14523e-05
2.34499e-05
5.60467e-05
0.000677661
0.983648
1.7616e-10
4.70591e-05
2.55382e-11
3.50526e-11
0.17423
3.43078e-07
1.69743e-05
0.00223514
2.40939e-05
2.1706e-08
2.14778e-10
3.45651e-08
2.61187e-05
0.000275128
2.53425e-05
0.00235156
2.70047e-07
0.976585
1.11559e-06
0.9768
1.7989e-09
0.980418
1.82289e-05
3.22926e-07
0.000161699
3.26262e-07
0.000298163
1.70397e-08
0.0102811
4.67009e-08
1.8229e-11
0.977794
0.00155722
7.27635e-06
1.6166e-06
5.75669e-05
0.000222877
1.70955e-07
3.54803e-09
0.983882
4.17368e-05
1.02961e-05
9.17404e-05
1.69118e-06
0.000299297
3.78014e-05
5.14304e-07
0.000609006
0.983715
6.09666e-06
2.87257e-05
1.36645e-08
2.88059e-10
8.55145e-06
1.84674e-05
0.0250162
1.76589e-10
3.54225e-05
0.000127012
0.000417181
0.000950217
0.000413292
6.85831e-11
3.4956e-10
1.52847e-08
1.40596e-08
0.00191148
0.981469
0.00107913
0.0184956
0.984256
0.973442
0.944564
5.45939e-05
6.3904e-08
1.92309e-10
0.981376
6.70634e-09
0.0137741
8.18084e-06
0.000204629
1.11914e-05
0.00836512
0.982938
0.984347
7.22651e-09
3.41593e-06
1.79777e-08
1.6873e-06
0.00180001
9.40151e-09
1.19149e-06
2.49238e-06
7.82925e-08
7.79194e-06
5.01975e-05
0.00107257
5.47648e-07
3.48287e-06
0.0491533
0.000268313
0.000868517
1.58236e-10
8.8983e-05
7.79633e-05
0.00281882
0.000201072
0.984092
0.000681716
0.000149432
4.54942e-09
1.76367e-08
0.98239
0.000166374
0.0222786
1.28361e-06
0.0392728
1.58555e-07
0.0005349
6.16061e-05
0.00188324
0.0264815
1.81043e-08
4.70624e-07
0.00714346
4.58588e-07
0.000110541
8.61947e-05
3.71155e-06
1.74879e-08
1.26107e-06
0.000146339
0.977967
1.98844e-06
1.37547e-08
0.0026583
0.000806922
7.96011e-09
4.42682e-07
1.00306e-06
0.00246695
2.95968e-06
3.39121e-08
4.29458e-10
1.03029e-08
7.46812e-08
0.000235152
1.3971e-07
1.16675e-05
3.33966e-07
5.71236e-11
0.000598633
2.20169e-05
4.90816e-08
8.427e-09
0.983704
5.71456e-07
3.54739e-06
1.13376e-05
9.95253e-05
0.983521
0.975607
2.65442e-07
0.000886906
0.982419
0.984235
5.37809e-05
0.981613
0.000894028
4.06914e-06
5.14206e-08
0.0228426
0.00270157
6.73687e-05
0.983885
2.15826e-10
4.93258e-06
0.00739096
5.19846e-08
4.40971e-07
1.70479e-06
0.980298
0.000127388
0.980128
0.981394
9.22545e-10
0.000112007
0.00205997
0.00184469
0.0379826
0.00118618
4.8081e-08
0.00639506
0.00410185
4.94875e-06
0.983252
0.97878
6.42776e-06
0.802354
0.00149603
0.983666
0.00648728
0.000435749
5.00456e-09
0.984072
4.32559e-05
0.00195944
1.74638e-10
8.28896e-05
0.000431417
9.42857e-09
0.00674207
2.9223e-09
2.79246e-08
3.26212e-06
1.39415e-10
4.16992e-05
2.39723e-06
2.24947e-08
2.91511e-09
0.00138718
5.67898e-05
1.69372e-07
0.980293
9.77146e-06
6.66685e-06
1.61605e-05
0.000155218
0.000111011
5.45172e-05
2.39348e-09
3.94369e-11
4.48212e-07
2.24069e-05
7.30354e-05
0.00235367
9.54082e-06
0.00113512
0.982845
5.83768e-05
5.27848e-10
6.07145e-08
4.25743e-06
0.00110668
0.982079
7.19246e-05
3.19225e-11
0.000117321
0.984105
0.00107432
0.000680995
2.755e-11
0.0670926
0.000404037
9.82217e-06
6.60938e-11
6.548e-07
0.980688
1.43326e-09
0.983037
0.974713
0.00138534
1.20502e-06
3.81166e-11
4.66354e-05
5.30743e-07
0.000567368
7.34697e-06
1.11529e-11
4.31532e-06
4.00488e-06
1.84183e-09
0.00492271
5.9271e-05
1.16279e-06
0.000168045
0.00509956
0.972152
0.000163984
5.13497e-08
3.46965e-11
8.13214e-06
2.15782e-08
1.29002e-10
2.01276e-08
0.000747912
5.40202e-08
0.000336101
0.00782397
0.00237232
0.000981209
1.45062e-07
2.25992e-05
0.00399416
8.04493e-07
8.03765e-05
1.49826e-06
1.74512e-05
0.000470807
6.44144e-06
0.000916025
4.76579e-10
1.19639e-06
3.08546e-08
0.981096
1.98271e-07
2.74058e-06
6.42705e-07
0.00111722
0.983651
0.980805
0.00038819
0.984223
0.00788633
1.7467e-06
3.6569e-05
0.868417
0.00419599
0.00636953
4.42378e-06
5.26995e-08
0.98356
1.64658e-05
2.18262e-07
0.981504
5.91669e-05
4.04469e-05
1.42556e-05
0.000301887
1.37476e-06
1.16051e-06
0.0020948
0.982696
9.81729e-08
4.3414e-05
8.72558e-06
7.48577e-05
2.76026e-08
1.2184e-08
6.95161e-05
2.30059e-09
1.83807e-05
2.83291e-05
3.2571e-07
1.138e-08
0.00028893
0.000159334
0.000392882
2.00384e-05
5.92274e-06
2.28802e-06
2.64334e-05
9.11116e-09
3.87868e-10
0.000634381
0.000111501
1.36839e-11
0.000353754
6.00163e-10
2.05299e-07
0.00010002
0.0552043
0.979729
0.973976
1.2789e-08
0.982893
4.26178e-07
0.983176
0.980941
3.05175e-07
0.983658
4.36722e-07
1.47336e-09
6.49285e-05
0.00078784
1.25053e-05
0.979267
7.41618e-06
4.56485e-10
0.000136857
0.0604656
1.73091e-09
8.67574e-07
9.44688e-09
1.55411e-09
1.0166e-06
0.975799
0.0053909
0.000357963
0.000750657
0.00292542
6.33063e-08
7.24357e-10
0.000306594
0.00589525
9.68624e-07
4.2732e-06
0.0623182
2.78989e-09
5.6486e-08
2.71882e-06
0.00137111
0.00163101
0.000202461
0.980222
2.60912e-07
3.46772e-05
9.5078e-07
0.000175666
2.33762e-07
1.11368e-08
0.0110554
0.982708
0.0493352
4.91964e-11
5.37466e-06
3.73442e-08
1.34717e-06
0.000662905
1.27333e-08
0.00756014
0.0273911
1.11753e-05
3.01793e-05
4.89824e-06
8.51123e-10
1.53129e-06
7.8302e-07
6.19008e-07
6.22395e-06
0.000173789
0.981762
0.000616707
0.00604671
1.04913e-08
4.2524e-07
0.000653215
9.79691e-06
2.55933e-07
6.14044e-06
8.11154e-08
2.14391e-11
1.51967e-05
6.25202e-08
3.26091e-06
1.02245e-05
0.973897
9.98601e-05
1.14497e-09
3.30135e-06
6.17239e-06
4.7145e-09
5.16108e-06
0.000146353
0.982523
0.00034949
2.4411e-06
0.00292564
1.46178e-10
1.92083e-09
2.24917e-05
0.000199191
7.05495e-07
2.48162e-05
8.79807e-07
0.00027474
4.84593e-06
0.982927
2.09888e-10
7.63891e-06
0.000501343
0.980436
9.27405e-11
4.20596e-09
8.34738e-08
0.000324377
2.06225e-07
0.983536
2.1903e-05
3.38903e-05
0.983654
0.984009
0.0125516
0.00203966
0.000457395
6.91736e-09
5.06978e-07
5.10744e-06
0.0284947
9.89546e-09
8.83845e-09
8.25236e-05
0.0416506
0.000596724
2.62677e-10
0.000221282
1.10122e-10
0.141928
0.0112364
2.40312e-06
0.0170082
2.91758e-06
1.24664e-06
0.9752
0.0222526
1.66953e-06
4.19165e-06
0.978963
0.975038
0.981633
5.97076e-08
4.44856e-05
2.72297e-08
0.00326455
5.6097e-09
4.3481e-11
1.39204e-10
0.00263384
1.74261e-11
0.00184783
0.983883
0.000383367
3.14195e-05
3.57764e-08
2.07409e-06
7.07099e-07
0.0437303
4.76421e-07
4.58136e-06
3.98577e-06
5.89301e-06
3.98477e-08
3.30248e-06
0.00160433
0.983246
0.000200929
0.00111442
3.69462e-10
0.980449
3.43396e-06
9.35909e-09
2.67869e-08
4.75961e-07
6.63844e-05
2.61677e-05
0.98278
0.983136
0.00178586
6.64129e-08
2.08086e-06
5.45657e-06
5.37257e-05
0.981907
0.00929198
0.980656
0.983631
4.36819e-05
0.983323
1.20844e-10
0.00374499
0.972023
0.983624
0.981781
0.00125819
0.977359
4.08387e-09
4.24584e-07
7.48399e-06
4.40069e-10
0.983146
5.52261e-08
2.07523e-06
0.00155212
0.00223321
0.000902055
0.972782
2.9944e-06
9.06941e-12
0.00249953
5.30782e-07
5.45421e-08
4.34508e-09
0.000152792
3.53129e-07
3.72485e-09
0.000263998
2.17676e-09
2.90669e-07
0.00221424
0.0128261
0.00132464
0.000309489
0.00416194
0.00648648
0.00754072
0.00452448
2.94684e-10
0.026639
3.38652e-09
5.76598e-05
0.983536
2.43228e-06
0.000822819
0.978975
0.0043382
2.10026e-06
6.24074e-06
0.982449
0.980149
1.56229e-08
8.41521e-06
1.9368e-05
0.98219
0.000159986
1.83242e-08
0.0132379
0.970942
0.00439412
1.09897e-05
5.2213e-08
0.00159445
1.71904e-07
1.10086e-09
0.000255847
0.00280817
3.20871e-06
0.971409
8.37791e-10
0.0124352
4.13248e-05
0.983819
3.44471e-06
1.12547e-06
0.000458126
0.000685981
8.40789e-10
3.75944e-06
0.000459336
0.000775147
0.000690975
8.38919e-09
1.53042e-06
1.24798e-06
2.14136e-05
0.000240348
0.000253178
0.0233559
2.33099e-05
3.17e-06
1.39508e-09
0.000124699
4.29582e-08
6.8967e-10
3.93437e-05
0.00164077
2.89177e-07
0.000114837
0.979244
2.38303e-11
5.77961e-06
2.45883e-07
2.18311e-08
3.4486e-06
0.981317
6.90549e-06
8.79389e-05
0.000406378
4.39052e-05
5.33187e-07
6.69354e-05
0.981413
0.000336969
0.000263232
4.47737e-06
3.20418e-05
0.983097
9.58981e-08
8.69942e-09
7.41162e-08
0.00468616
9.77742e-08
4.23721e-05
2.63486e-08
0.984063
2.29476e-06
1.51521e-10
0.00246805
2.41456e-05
0.000292663
5.19294e-09
0.000205134
0.972126
0.0126136
0.00308349
7.66391e-05
3.28079e-05
3.76207e-08
3.43096e-07
2.22371e-06
0.013842
0.0057139
9.9724e-08
4.77087e-06
1.9187e-09
4.23997e-08
0.00472052
0.00222782
0.00686256
0.000719471
1.822e-05
1.14699e-08
0.983982
0.000100003
0.000124141
3.16266e-07
0.981624
2.8044e-06
3.20112e-05
1.21168e-06
0.0134293
0.00668078
1.19411e-07
0.00793643
0.977856
1.05833e-08
0.984195
1.96969e-05
1.32609e-11
0.000131404
1.82159e-05
3.90722e-07
0.000122396
4.98317e-09
0.924777
0.9833
2.92633e-10
0.000155207
4.12262e-08
0.00029826
6.58731e-06
5.81785e-08
0.60151
0.00100686
0.000227908
0.00638421
4.51162e-06
4.91327e-05
1.36878e-05
0.0119736
1.98164e-06
0.0368191
1.32894e-06
0.0824747
2.4807e-07
7.15349e-07
5.87938e-10
1.17758e-05
2.13805e-10
0.0016747
0.000108571
0.98302
1.94409e-08
1.33829e-07
1.2453e-07
9.85772e-08
0.019812
0.00987626
7.02112e-10
0.00352598
5.6259e-07
1.26522e-09
0.0211374
1.27706e-09
0.983788
0.982491
9.63084e-07
0.00251618
2.47264e-08
0.982914
6.71246e-05
1.21112e-05
3.11427e-05
9.96932e-07
2.4835e-05
0.00516366
2.87136e-06
2.74914e-05
2.86042e-07
4.17817e-06
2.37892e-07
0.0198099
9.9613e-07
7.69906e-06
0.00263901
4.02285e-07
0.00762357
1.16385e-06
0.000187041
7.39797e-07
0.000628313
0.00418505
4.21592e-07
0.016316
1.58542e-11
0.00155675
0.0219015
0.0293465
0.00180313
1.39315e-08
0.000883266
5.42465e-05
0.983923
0.000131815
6.28809e-05
0.000131042
0.00136113
0.982957
4.07804e-06
1.42816e-09
7.39545e-09
2.7604e-07
0.000270741
0.976091
0.0235085
1.36876e-09
1.27966e-05
0.983713
1.30105e-06
0.000138785
2.97371e-07
0.00079319
6.27821e-09
3.2311e-10
2.61174e-05
0.00154613
0.00081846
7.10721e-07
0.000283775
1.11181e-07
3.06787e-06
0.00657388
8.55942e-10
2.69249e-11
0.983346
3.86288e-05
0.981142
0.000270068
2.03014e-08
0.973314
1.85e-07
2.07869e-07
6.85133e-06
0.984207
3.25055e-08
0.000592872
6.28538e-06
7.08145e-07
0.00613905
3.437e-07
0.984223
0.000569874
0.00868159
1.72371e-08
8.92857e-06
1.97732e-10
0.00026392
2.69997e-06
0.0100576
1.4918e-05
0.002627
0.982478
0.97621
0.0139544
3.78521e-06
0.00049337
2.18909e-09
0.000180812
0.101565
0.00090708
0.00525084
9.44015e-06
0.00073709
1.04779e-06
3.19048e-10
4.97508e-08
1.81069e-05
0.00681327
0.00498296
0.000823296
0.00497666
3.26248e-09
5.02626e-05
7.1419e-07
1.76231e-05
2.10949e-07
1.8828e-08
9.96126e-08
7.56862e-08
1.0569e-09
3.18321e-07
0.000773587
3.04121e-09
0.000647593
0.981704
2.78105e-06
1.10994e-05
0.983733
0.000374085
3.92345e-10
0.00149382
0.000441661
5.18401e-09
7.75066e-05
0.00274299
3.66684e-11
7.88458e-12
7.94871e-11
2.42497e-07
5.32067e-10
1.35413e-06
1.83383e-08
0.0133761
2.29472e-08
2.62441e-05
1.18807e-09
1.07193e-09
6.07301e-07
0.0272871
0.000104698
8.48341e-07
0.00029596
7.86135e-06
0.984239
0.980287
2.62915e-06
2.6755e-06
0.000111948
0.981447
0.977334
9.2304e-07
0.000308075
0.0237132
5.41312e-08
0.000294611
2.52186e-05
0.983625
4.97582e-08
0.982807
1.12185e-08
7.10638e-06
3.35673e-05
7.57437e-09
1.63113e-07
3.6492e-05
0.00640194
0.983974
2.63007e-08
6.15459e-11
0.000296436
1.03086e-07
6.99298e-05
3.68012e-05
3.53297e-05
4.53375e-06
1.49089e-08
1.95204e-05
3.29958e-10
0.00627998
0.000329958
6.64193e-07
4.33815e-06
2.61624e-06
6.7297e-05
0.982726
0.9811
0.98178
5.25218e-06
5.41394e-07
1.78764e-07
4.93243e-09
0.000334043
0.0136982
1.12209e-05
1.50144e-08
0.000805606
0.000172435
1.90489e-08
0.982927
0.000778832
9.03956e-10
6.75372e-05
0.0743923
0.983973
3.84782e-06
0.0111622
0.000215753
2.91556e-06
0.000868159
1.3942e-09
2.05495e-10
0.00162883
0.00391329
6.12708e-05
0.928667
6.65576e-07
2.1123e-06
4.63311e-05
2.56334e-07
0.00271648
0.290019
0.000154479
0.983153
0.00259148
9.30325e-11
2.12337e-10
0.179755
0.983316
4.50577e-08
0.000207501
8.15478e-05
0.000268219
4.00921e-05
1.7832e-08
2.2606e-06
5.88667e-07
2.01455e-10
0.00325668
3.7219e-09
1.02994e-05
0.961367
4.57648e-08
6.72914e-05
6.03379e-06
0.982637
1.3176e-07
2.82311e-05
7.98131e-05
0.00253688
1.2081e-07
2.87854e-06
0.591324
0.984243
4.33585e-07
5.32896e-05
7.3493e-09
6.88697e-05
8.85839e-05
0.983686
7.36171e-05
0.972977
4.06647e-06
0.00112462
1.09059e-11
1.32719e-07
1.84308e-07
1.22334e-06
0.0106939
0.975572
4.86198e-08
6.11955e-09
5.7187e-06
9.92758e-05
7.31061e-06
0.983933
0.984233
2.30964e-06
0.00605986
9.67325e-05
8.21911e-07
0.968053
0.000494383
0.00114265
8.1624e-05
0.984098
9.97474e-05
0.00260916
0.000195163
0.984032
1.83473e-07
4.86585e-05
0.980811
1.49749e-11
0.00486822
0.98437
3.41072e-09
2.14941e-10
0.00224951
0.984252
0.000641574
0.000701106
7.11603e-07
4.96382e-06
2.72936e-05
0.00629989
0.00117859
0.00051139
0.0270072
6.1189e-06
4.94719e-05
0.00189028
2.94418e-08
0.0330014
0.00588542
1.9057e-06
0.0046997
3.82187e-07
8.07733e-09
1.70113e-05
0.983507
0.968363
3.4671e-06
0.000766314
0.000743647
0.000494737
0.0118137
5.47671e-05
9.48444e-06
2.79692e-06
0.434901
3.15984e-09
3.41769e-05
5.50108e-09
5.00796e-07
6.25904e-06
0.000182923
0.000719131
2.01264e-08
4.3199e-05
1.44057e-06
0.971331
0.00018654
4.22056e-06
6.06608e-05
2.55552e-06
2.08644e-09
3.05274e-06
0.98125
0.00147955
0.000342685
1.53074e-09
2.28695e-06
0.000145834
0.00464893
2.61897e-07
0.000163915
4.74374e-09
0.981347
0.00550416
5.99771e-06
8.96577e-07
0.00857884
1.58255e-10
1.03192e-08
1.51184e-05
0.000981346
0.843149
3.05223e-06
0.0055998
0.982161
0.000197385
4.77599e-07
0.981722
0.984026
6.37302e-06
0.0034915
5.83172e-06
0.000604192
0.00996809
2.60634e-09
0.000792972
1.2417e-08
0.00284408
3.00836e-08
1.43504e-09
5.20328e-10
8.13483e-09
5.07694e-05
8.63642e-12
1.39289e-08
0.000948233
8.4483e-05
1.63506e-07
1.89875e-05
0.983846
0.0489053
0.00300206
1.43432e-06
3.70809e-06
5.23607e-06
1.86399e-07
2.59213e-07
2.31528e-06
8.15522e-08
0.00328068
1.56811e-08
1.11229e-05
0.0112722
0.000180369
3.88296e-09
0.982754
2.37106e-10
0.000244145
0.983091
8.85737e-05
0.0658392
0.955944
2.125e-06
0.982783
1.51476e-07
0.000181876
0.00306778
4.46476e-07
6.29136e-07
3.83592e-09
1.77063e-08
4.1112e-09
7.55286e-06
0.00411321
0.980702
3.98457e-06
9.7113e-05
6.03265e-09
9.0173e-06
0.000206036
1.78634e-07
0.983445
0.00225549
0.00133498
2.54191e-05
7.1545e-07
0.984168
1.52977e-09
0.0546066
3.27536e-06
0.0181509
2.35646e-06
0.00141463
0.000221785
2.37583e-05
3.94457e-05
0.00800228
6.14674e-06
4.29085e-05
0.00172957
1.88514e-05
7.91793e-06
0.000178489
8.5489e-07
0.0017515
1.6356e-05
5.55461e-10
0.00557157
0.0009721
0.984293
0.000564197
1.12665e-07
0.984237
4.00832e-07
2.03226e-06
1.83166e-08
0.000108763
1.21674e-05
0.000253936
0.00269737
0.00122651
0.979845
5.2003e-09
0.00150831
9.85627e-05
0.00114744
8.60512e-12
0.00123324
3.94543e-07
0.000848353
2.11774e-06
0.000137242
4.55333e-05
1.34147e-06
0.00623947
1.00077e-05
0.982486
3.44559e-07
5.63369e-07
4.83304e-06
0.984297
0.00311595
8.72615e-07
0.000421481
0.983889
0.000124985
3.32053e-07
0.00655076
0.0017349
6.11794e-05
4.36649e-07
4.7853e-07
0.000107251
0.980807
1.22873e-07
0.00217641
0.000145236
0.98402
1.4604e-06
0.00104771
4.09112e-08
0.0049245
6.8061e-08
0.00317439
4.6482e-07
5.01107e-08
0.000651304
3.43882e-07
0.926256
4.58379e-06
0.0466225
0.000103624
1.63068e-09
1.22094e-05
2.43583e-08
0.000140034
6.91283e-07
7.59138e-05
0.0372046
8.13501e-05
0.984345
0.00704493
8.05912e-06
0.00218958
3.18976e-07
1.44903e-08
2.14472e-07
0.000422804
0.000621289
0.00712482
6.07311e-07
4.05459e-05
1.89544e-07
1.3058e-06
0.00272679
1.36483e-06
0.000639464
0.000744304
0.000438186
3.19266e-10
7.29375e-08
5.32297e-05
0.984182
6.17524e-11
6.68955e-07
5.03112e-08
0.984165
0.00132589
8.6116e-06
7.24998e-05
0.982366
0.00554494
3.75637e-05
1.86136e-06
1.12288e-09
8.43569e-05
0.0134793
0.983885
0.00655099
4.10081e-05
0.975007
1.74151e-06
2.88608e-05
0.0113669
1.53072e-09
0.981832
0.00015697
0.0165196
7.27321e-07
9.6996e-06
0.981712
0.861043
0.91484
0.883086
0.100752
2.41689e-07
0.00264531
0.984303
4.80089e-07
3.91315e-06
2.20451e-05
1.0135e-06
3.45338e-07
0.00378828
0.982593
2.07575e-05
0.0203226
7.15249e-06
0.981863
0.00232996
0.00134154
8.31946e-07
0.978482
0.000867667
0.013491
6.19739e-10
7.80649e-06
0.000267839
2.8504e-06
6.20183e-10
1.00524e-07
0.00243546
0.000163653
1.88614e-09
5.95549e-06
0.983929
0.983936
7.38523e-08
3.05289e-07
0.00470757
0.000469988
2.12772e-11
1.3593e-05
1.83403e-10
1.44864e-07
1.31888e-07
0.00106024
9.68112e-06
1.00002e-06
3.18786e-05
7.2711e-06
0.00828776
0.977722
0.945035
1.45175e-07
0.00120633
2.10275e-06
0.981989
9.96459e-09
6.84834e-09
0.000857914
0.00015719
0.983808
6.43641e-08
0.0131752
0.00831717
0.00455349
0.00142943
0.00215112
3.4583e-07
0.00022307
0.979585
0.0906959
0.000414318
9.31325e-05
0.000678202
0.00208911
0.00215904
0.980402
1.3821e-06
7.63037e-09
0.0127732
1.07186e-08
2.88628e-06
0.980905
5.44913e-05
0.0013898
8.84848e-12
0.000107576
1.04066e-09
0.00086627
7.35201e-10
0.339979
0.000194134
0.000641415
4.10668e-09
0.011289
3.81737e-11
6.58631e-08
4.30088e-05
0.000476151
3.79504e-10
0.980801
0.000963761
0.984003
1.61943e-10
0.0258534
7.14958e-06
0.00346938
0.000737521
0.000241427
0.000791926
5.08268e-05
0.654581
0.00378625
1.69222e-09
1.28045e-08
0.982406
9.14806e-11
3.38495e-05
0.000134651
0.983681
7.61648e-08
1.69196e-11
5.44332e-05
0.979531
1.02908e-07
5.1419e-05
7.16729e-05
0.000208361
1.85629e-09
0.341168
0.0413355
6.86036e-11
1.10262e-05
4.92013e-09
9.30187e-07
1.43557e-06
1.12069e-09
0.00135918
0.000250447
2.84455e-07
8.49776e-09
0.983305
2.92037e-07
7.06871e-09
1.85952e-08
1.38488e-09
0.164191
0.176827
2.74534e-06
5.09841e-07
1.30831e-09
5.19096e-11
8.21122e-05
0.000941064
1.58954e-09
2.63369e-11
3.28087e-06
0.000757141
1.37466e-09
1.18507e-08
0.015112
5.75861e-06
0.00100449
0.00122958
0.0379322
9.66813e-09
1.59078e-07
1.21808e-07
7.40292e-07
0.000145524
3.05406e-05
0.980977
1.07098e-05
6.87323e-05
0.000369951
0.00793961
1.18733e-06
6.08303e-08
0.98391
0.982297
0.000142538
0.00101137
1.45455e-06
6.4315e-05
0.984153
4.29642e-06
0.0125072
1.09314e-09
1.61178e-06
4.63993e-07
0.98331
0.97897
0.00199212
5.32342e-09
3.53725e-05
0.0458238
9.3416e-05
3.02886e-05
5.23215e-07
0.00255486
4.52988e-08
9.96164e-05
0.00551384
7.79544e-05
0.000576288
0.000647548
2.0135e-09
2.97484e-05
0.0594096
0.0224257
3.80195e-09
0.000328689
0.0142628
8.48149e-05
0.980297
0.000312171
0.000227759
0.982858
0.00134142
0.00120254
1.18423e-08
4.29725e-05
0.984034
0.0345609
8.17107e-08
0.00278553
4.62755e-06
0.000173521
3.44986e-08
2.46552e-06
0.00381616
0.000504624
3.45395e-09
6.89033e-05
0.00295665
2.4509e-09
0.436871
0.984051
5.3133e-07
0.975778
0.981705
3.81565e-06
8.75795e-05
2.83564e-09
0.0238757
1.14216e-05
0.0097357
2.30386e-08
0.960376
0.961174
0.000153156
0.0204101
3.45432e-05
7.47015e-07
0.000309121
5.08247e-09
0.000700435
0.0664805
1.11868e-09
3.26373e-07
0.00214113
6.8961e-07
6.67352e-07
0.000320758
5.95529e-07
0.00467051
0.000398159
6.62458e-09
2.73981e-07
0.761732
1.43132e-07
1.83001e-06
6.2367e-05
5.27322e-10
0.00335136
0.00374731
6.98277e-06
1.08421e-08
5.94028e-05
0.000506249
5.97124e-08
0.000974564
0.000812181
1.29551e-08
0.982858
0.977605
4.2236e-06
0.00350553
0.000277973
1.22149e-11
0.226712
5.73338e-07
1.15981e-07
1.0586e-05
0.0171632
1.22207e-08
5.9332e-06
4.96842e-06
8.56781e-12
1.47463e-09
9.66481e-09
0.00208002
4.15522e-05
0.000503074
2.20256e-09
0.0167785
0.00319312
0.00187139
3.11399e-06
0.00408294
1.05367e-10
2.48794e-07
2.07111e-08
2.88074e-06
2.21677e-05
0.00973779
0.0162978
6.42916e-08
8.52081e-06
0.00012751
