2.79574e-09
7.69327e-11
0.96591
4.15668e-13
0.0701074
3.39562e-06
0.00685759
1.20087e-09
8.38707e-12
0.960527
1.29599e-07
8.17854e-09
0.968291
1.9603e-06
0.00591816
3.01426e-12
2.98161e-12
0.9684
1.57884e-08
8.07198e-06
7.94032e-12
0.00503442
4.56029e-08
1.10423e-12
1.20652e-06
0.000101153
5.97499e-10
1.40721e-07
0.965852
3.46856e-12
7.36522e-13
1.31248e-11
2.95453e-10
6.43723e-08
2.19291e-12
1.63945e-07
4.92219e-06
6.01963e-13
5.79335e-08
2.54742e-09
1.30498e-09
1.04998e-06
0.000145326
4.44212e-07
1.38776e-11
1.06603e-09
7.03453e-10
4.34759e-05
6.9568e-09
0.968505
0.965634
0.967927
1.50774e-07
5.55605e-05
5.7115e-10
7.98539e-08
4.36149e-11
1.16973e-12
9.37588e-08
2.2965e-11
7.02575e-06
0.000239607
1.40277e-10
3.7251e-05
6.69889e-10
1.27209e-12
3.65663e-12
1.98419e-12
2.94745e-10
2.56756e-10
1.5159e-10
3.22138e-06
1.09525e-10
1.26585e-09
0.968352
1.79487e-10
2.00417e-12
3.37898e-08
1.9815e-08
0.902521
0.969063
2.29598e-10
1.7264e-11
2.45808e-06
7.45469e-09
1.70806e-09
1.67663e-10
4.95459e-09
5.09777e-09
2.87519e-11
3.63553e-05
2.80032e-09
9.87281e-07
2.90639e-11
0.965292
0.000284033
7.4829e-13
3.02772e-09
1.50213e-12
6.3328e-08
1.70612e-11
7.62856e-12
0.470346
4.2788e-13
2.3779e-08
0.92371
0.00504435
9.69767e-07
6.95258e-06
1.4677e-06
0.000229917
2.61191e-12
5.21805e-13
0.968974
3.39952e-07
8.47724e-07
6.70315e-06
3.34963e-10
1.56897e-08
1.50707e-08
2.16716e-12
0.0417889
1.04738e-12
5.28727e-07
7.70389e-08
1.15729e-07
8.12273e-07
0.933103
8.5333e-09
4.02677e-08
2.19287e-07
2.11759e-09
6.3359e-06
8.9406e-09
3.21554e-08
1.39028e-07
5.64612e-05
6.56963e-12
2.60042e-06
0.00516196
1.1565e-08
0.0017789
6.16057e-06
0.968437
1.37033e-11
2.13656e-10
8.24122e-08
7.84007e-07
3.48876e-12
9.19483e-10
4.38745e-11
1.76274e-09
1.8073e-10
0.000442244
5.51576e-10
2.14328e-08
0.968065
0.000712454
8.56025e-05
1.33684e-11
2.332e-11
0.00154845
6.41845e-06
1.24545e-12
1.10766e-06
5.18742e-08
7.19647e-13
9.21601e-11
3.34319e-11
3.85914e-12
0.211022
1.09091e-12
0.916111
0.000806486
4.01013e-13
3.17175e-09
2.38018e-11
7.86864e-11
1.32516e-12
1.25596e-08
0.000317727
3.89447e-09
1.82843e-08
0.93385
2.09228e-09
8.03182e-11
1.29026e-09
1.45775e-10
0.000834744
3.8376e-12
0.00269464
1.00567e-06
6.5036e-10
0.000145227
7.7901e-06
4.40759e-13
3.00204e-12
0.963378
0.943271
1.30337e-07
9.61453e-13
0.000427124
1.53189e-12
0.00176869
3.28796e-06
0.00133831
4.59668e-11
1.87697e-11
1.35783e-07
2.27919e-09
9.0544e-09
9.13208e-08
8.17937e-06
2.84595e-11
7.69304e-07
4.69913e-12
8.78176e-09
0.00746006
9.19931e-12
2.87931e-09
8.67528e-13
3.60951e-11
0.0158938
1.27675e-06
1.87088e-10
0.96002
2.31193e-12
1.16145e-10
9.35154e-06
5.34967e-05
1.06763e-08
8.27799e-10
5.96767e-12
1.62759e-07
1.10423e-06
2.23932e-10
1.57809e-11
6.64882e-09
0.967149
0.000134164
0.96835
3.2679e-11
4.18541e-10
1.31244e-11
7.13651e-13
4.56302e-13
0.959594
3.79319e-12
4.00791e-13
0.788499
2.5584e-11
1.29333e-07
5.11184e-11
7.86391e-09
0.958724
0.000949308
1.22745e-07
0.00120728
3.10868e-09
8.5991e-08
4.0612e-13
1.84252e-06
1.46919e-06
8.59827e-08
0.000260496
0.840694
9.15445e-12
2.4875e-08
3.3507e-11
8.05855e-11
3.77787e-10
0.00168487
0.000226194
5.98515e-08
3.24114e-08
1.31177e-10
8.81311e-05
3.11434e-10
8.63087e-13
6.92163e-07
5.56104e-09
9.93206e-13
9.96339e-05
5.71331e-07
1.20045e-08
5.57954e-12
0.968676
1.36104e-10
0.951107
0.963139
8.02491e-12
1.64144e-08
0.00264907
0.844375
1.94115e-10
2.34752e-06
1.79218e-07
2.21961e-06
1.14887e-07
3.95151e-12
2.99549e-10
1.12752e-06
1.66882e-11
4.33947e-05
6.51765e-09
3.1164e-12
5.97522e-12
5.69322e-13
4.02533e-05
1.2278e-11
2.75844e-11
1.41267e-07
0.968891
0.969078
2.14665e-10
1.79168e-12
3.9029e-06
2.89743e-10
8.26614e-11
3.92156e-07
5.60795e-06
0.954985
9.45586e-10
8.11795e-13
2.96602e-06
2.03762e-05
3.81695e-12
0.96746
7.2242e-11
6.52427e-06
3.36753e-12
3.42231e-11
5.60784e-06
0.000298686
6.08407e-09
2.12919e-12
0.968716
9.66489e-09
2.71081e-06
3.96261e-12
0.957006
0.00123264
2.69352e-07
3.44943e-08
3.15322e-10
5.80682e-05
9.74672e-09
1.20811e-06
5.57222e-10
8.48014e-09
0.933902
1.39664e-10
2.08382e-11
4.12781e-13
0.00013606
0.968671
7.71032e-11
2.52089e-09
3.52226e-06
3.88872e-05
3.38708e-08
2.95006e-07
9.07718e-13
2.78366e-08
5.05818e-13
4.96136e-12
4.62317e-05
4.32519e-06
0.0148835
7.59457e-06
4.01235e-13
1.76219e-10
3.14837e-12
9.51778e-07
1.28045e-08
6.7094e-08
9.74802e-09
0.00346954
3.14815e-12
8.93847e-10
1.76034e-06
1.27867e-08
3.41559e-10
1.18896e-11
7.75358e-06
5.2386e-08
2.98344e-08
3.94373e-12
1.1675e-06
1.04472e-12
1.13554e-12
2.90243e-11
3.03423e-07
1.53266e-11
3.38558e-05
3.08494e-10
0.713056
3.2715e-08
2.88389e-11
6.20808e-08
4.16132e-08
1.44411e-11
1.18194e-05
1.19248e-09
2.1979e-09
1.54165e-06
1.33323e-09
1.47655e-09
3.94165e-09
6.33832e-10
1.60575e-10
3.36124e-09
2.48397e-09
4.93383e-13
4.03877e-12
1.20715e-08
2.58679e-10
0.964843
3.43555e-09
1.31406e-12
6.02407e-12
7.19534e-06
0.957557
1.79168e-11
0.0336597
1.21915e-05
1.16465e-11
1.81366e-06
3.93716e-09
4.92202e-10
0.955133
5.30599e-09
0.955865
3.11218e-08
4.79764e-10
1.384e-12
0.937226
1.18438e-08
6.10568e-09
2.55662e-12
0.966712
1.99235e-08
5.6419e-07
0.947785
7.14873e-12
3.54145e-08
9.93772e-10
2.75491e-12
0.921216
4.88596e-11
8.29873e-07
1.98591e-07
4.77247e-09
2.049e-05
2.46603e-07
1.8758e-09
6.17429e-09
1.19642e-06
1.7567e-06
1.08477e-09
0.925409
0.964043
2.00746e-11
0.962993
5.42011e-11
3.12983e-11
1.78493e-11
1.56254e-10
0.967322
0.966928
2.38629e-06
3.78351e-11
1.43561e-08
1.69266e-06
1.82727e-10
2.50913e-10
4.34593e-10
5.20299e-07
0.029416
1.07824e-06
5.69189e-12
0.000347181
3.61755e-11
7.81736e-09
2.09847e-09
4.00346e-13
1.09685e-06
1.45903e-11
3.0593e-05
2.11305e-08
2.01796e-11
2.93065e-08
3.79674e-11
2.45909e-06
1.60412e-07
0.000357713
3.28648e-12
2.13074e-06
1.65001e-12
1.16907e-08
1.43069e-08
9.4106e-08
3.02198e-09
2.32863e-11
6.62359e-13
0.963069
3.42443e-10
0.000449581
4.22267e-11
6.05076e-08
3.81797e-10
1.09024e-10
1.22862e-05
0.967808
1.04177e-06
5.49338e-13
1.14394e-05
8.27917e-07
1.02798e-06
1.28991e-10
2.4143e-10
1.97433e-11
1.35589e-09
9.06893e-08
4.59366e-12
1.59771e-06
0.96908
1.45223e-09
7.17865e-05
1.52476e-11
3.978e-09
1.46828e-07
1.58809e-11
1.25649e-10
1.32984e-05
5.5893e-06
0.954618
4.70851e-07
6.75217e-10
1.5201e-06
1.50995e-09
7.33313e-09
3.47e-11
1.72995e-12
1.78191e-12
9.00153e-08
0.00411001
2.18507e-11
2.97912e-10
2.76058e-07
8.98584e-05
1.29763e-12
4.78058e-10
1.13431e-08
0.968569
0.961337
0.866636
1.95944e-06
2.07871e-05
1.30931e-10
1.42369e-06
5.7558e-11
5.21455e-06
2.97824e-08
0.000227179
2.37526e-07
1.51257e-12
1.09861e-11
1.38801e-09
5.54598e-09
4.07652e-12
2.92361e-10
4.00783e-08
7.09505e-08
2.84889e-08
0.00291936
6.40629e-09
0.933185
0.000122643
2.36062e-09
6.04137e-10
3.57504e-08
0.000153016
2.41007e-12
2.40881e-07
0.968383
2.6219e-12
6.30607e-13
4.05801e-10
2.67108e-07
0.00590289
3.81938e-08
0.000106257
6.69687e-13
9.05762e-11
6.83419e-10
6.3655e-08
0.00755609
2.2585e-11
9.66678e-07
4.73861e-11
1.91319e-08
1.23435e-12
1.7224e-12
4.01013e-13
4.833e-06
0.967601
0.963052
0.963179
8.14793e-12
1.12818e-10
9.50521e-10
0.968748
6.10368e-06
6.70604e-08
2.22495e-11
5.52824e-12
2.2391e-11
2.38909e-09
1.17462e-09
2.76215e-10
9.71142e-09
0.00434037
0.932684
0.659166
1.72334e-05
1.41841e-08
8.18869e-06
2.13668e-10
0.000669533
1.48951e-10
8.26431e-08
3.99644e-05
7.91078e-12
5.3979e-13
1.10769e-09
3.86011e-11
5.91904e-12
4.68567e-10
2.50348e-05
9.39585e-07
2.9019e-05
2.21996e-05
3.8433e-06
8.48207e-08
7.86482e-12
2.18325e-05
9.7381e-11
0.943878
0.00140413
0.00113022
1.302e-07
0.967275
1.49027e-10
9.73666e-13
7.90819e-11
0.963983
2.58282e-12
1.48672e-08
3.05359e-08
2.0088e-08
4.55738e-08
6.45881e-10
1.42281e-05
4.59228e-08
6.54232e-11
1.87028e-12
1.61782e-05
2.08644e-10
4.49864e-06
1.73265e-10
0.000100382
0.943512
9.74532e-12
2.3801e-12
3.58703e-09
4.62327e-10
1.04849e-12
1.59584e-09
7.27862e-13
2.12451e-10
5.10227e-11
1.45109e-10
0.000438115
1.03664e-11
0.000442795
0.000377038
1.36735e-11
1.07144e-10
4.08592e-08
4.71623e-13
0.000152882
0.966999
2.67638e-08
5.67838e-05
0.000856376
9.91964e-09
9.66129e-09
2.91922e-12
0.955907
8.21908e-09
0.966586
2.63738e-08
0.934814
4.97928e-09
9.73932e-12
4.88852e-06
2.5648e-09
5.95302e-13
2.69748e-05
0.00242015
0.506405
1.3859e-07
6.50317e-08
2.28755e-09
1.41154e-12
8.42992e-12
0.0351963
0.96638
2.2351e-06
3.38478e-05
3.86151e-09
1.4645e-08
0.969111
9.02891e-11
3.58718e-08
5.70988e-12
9.61226e-07
4.77854e-08
0.964713
1.87925e-11
0.000754517
5.38214e-12
0.000308545
7.92522e-12
4.21206e-06
7.45121e-10
1.10168e-06
2.02515e-09
6.91598e-06
3.54699e-08
5.8267e-06
0.967465
7.44527e-11
0.930306
1.79965e-11
6.80744e-12
0.96892
4.51227e-08
0.96877
1.61877e-09
4.36115e-08
9.44578e-13
1.94653e-09
0.00452868
2.04795e-07
7.54508e-13
0.00346706
0.966246
9.85466e-08
1.97974e-07
4.78645e-06
1.25266e-06
5.89528e-13
0.000161887
2.26619e-12
4.01749e-05
7.59126e-12
6.02207e-12
0.111225
9.80701e-10
2.1554e-10
3.8449e-11
1.19727e-08
0.00203392
2.50126e-05
4.10116e-13
2.84492e-10
1.29502e-08
2.26397e-10
0.941911
1.25924e-07
4.74158e-10
5.75384e-07
0.948583
4.00331e-10
4.62783e-10
6.12311e-07
2.36919e-09
1.47631e-10
1.54543e-12
8.72848e-11
0.000217636
6.33961e-08
4.59623e-11
1.85341e-12
5.15648e-07
1.68821e-12
2.28617e-12
0.0699714
7.35767e-12
1.70131e-10
4.52486e-08
3.72839e-06
2.26889e-05
2.12519e-12
1.31679e-09
1.14804e-09
0.964681
6.50484e-09
1.54558e-10
0.966324
4.00568e-13
0.00119853
1.1025e-08
0.938697
2.17493e-12
8.92086e-11
0.21601
0.964658
1.64922e-05
7.12541e-13
8.704e-06
9.35634e-11
5.75984e-13
1.41647e-05
2.28531e-11
2.8632e-08
1.43121e-05
4.89827e-07
1.36033e-07
0.00109972
7.30584e-09
1.31205e-06
6.10677e-07
5.66236e-12
5.14563e-09
2.50586e-11
2.03758e-06
1.74816e-12
7.41238e-11
2.22557e-10
1.85763e-12
5.95213e-12
0.965919
6.99028e-08
3.73901e-12
9.68448e-12
7.12931e-08
5.01579e-11
3.63968e-08
6.03373e-08
4.55036e-12
1.28427e-07
6.56534e-08
1.04849e-12
2.64404e-10
1.25961e-08
4.05087e-10
9.38858e-08
2.11413e-11
0.192421
4.29312e-11
6.12151e-05
3.24056e-06
5.65653e-09
2.89841e-06
0.965159
2.62348e-08
0.0131201
0.000215738
0.0207681
6.11404e-07
6.08986e-08
5.51419e-09
4.168e-12
2.59786e-08
6.34565e-08
2.96471e-06
2.82117e-07
2.48853e-08
0.00563759
4.57175e-10
1.14609e-08
1.202e-05
0.968834
2.37489e-09
3.07192e-09
1.1926e-12
0.000113242
2.31637e-12
7.36836e-08
1.28852e-12
2.52737e-09
9.22218e-12
1.00213e-10
2.42462e-08
1.31599e-05
7.78888e-12
1.09955e-09
0.965301
4.37823e-09
1.65539e-09
4.14069e-11
2.62679e-12
2.68444e-09
0.963186
2.11225e-06
0.966528
7.82179e-09
4.73266e-10
1.78908e-09
9.07622e-05
0.968481
1.42146e-10
9.90409e-08
1.47902e-07
0.771849
0.000350159
1.06775e-11
0.00928973
0.00179104
5.98414e-07
1.85871e-08
5.56422e-12
6.58516e-09
2.69229e-12
9.51312e-11
7.76356e-10
1.68547e-11
3.12655e-09
1.0464e-06
0.945437
2.49178e-12
6.34291e-09
4.50085e-07
7.15845e-07
1.68914e-05
0.964364
2.50531e-06
5.59898e-05
9.02877e-10
1.38982e-06
3.30147e-11
8.5727e-12
0.858284
3.36375e-12
2.05038e-11
4.80733e-09
2.44352e-10
1.67588e-10
4.54544e-08
2.60588e-08
3.08866e-06
2.15568e-11
7.64322e-12
0.000159675
4.85876e-09
1.00284e-06
5.86093e-06
7.91681e-09
2.40566e-08
7.1767e-12
1.76525e-12
3.17564e-11
2.41855e-09
0.0241444
2.86016e-12
0.963877
4.46088e-13
0.000175984
2.20934e-12
1.22023e-06
0.069623
6.57474e-13
0.000321218
1.24346e-08
1.76104e-12
5.47358e-09
5.32791e-06
3.86901e-08
3.02122e-09
1.38542e-07
0.893494
4.53263e-09
5.30973e-05
0.000574212
9.8708e-08
3.19622e-11
8.36442e-13
6.07526e-08
2.0841e-08
0.859432
3.53126e-07
2.48734e-05
7.12319e-13
5.19518e-12
1.02287e-06
4.53486e-10
5.09908e-07
0.960881
0.966256
1.55625e-10
0.000172167
0.000160182
0.114267
2.86692e-10
8.19078e-12
0.543749
2.62661e-11
1.4583e-10
5.9001e-11
0.967487
2.84535e-07
5.14557e-07
3.10902e-11
3.4819e-08
0.944669
4.6918e-13
3.01909e-10
7.04984e-05
3.23386e-12
7.9826e-06
2.12476e-09
3.74438e-11
4.45333e-12
5.63647e-05
0.000209675
4.39204e-13
0.950157
8.89999e-12
0.000257693
0.000501652
2.87164e-07
4.85156e-05
7.88702e-13
0.966832
4.2602e-07
6.08666e-11
0.948385
5.717e-09
4.16419e-10
1.28535e-10
9.85079e-08
0.0191936
5.2206e-11
7.17398e-10
6.59479e-05
3.62466e-12
2.49267e-12
4.08562e-13
1.17948e-05
2.64001e-10
2.27069e-11
4.49178e-07
0.526533
0.968306
0.000352129
5.64258e-09
7.72049e-13
3.5561e-10
1.53032e-06
3.42502e-10
4.64073e-13
0.966872
9.98772e-08
5.11369e-13
1.45041e-08
0.00124385
1.65272e-11
7.59759e-09
1.48209e-08
1.48414e-07
1.75804e-11
7.11716e-05
6.28608e-13
7.41618e-09
4.47509e-12
0.000496038
4.21441e-13
6.0438e-09
1.99404e-08
0.962744
0.153657
0.834366
2.38836e-10
1.98498e-05
3.24701e-10
1.77925e-07
0.968868
9.22573e-12
1.44703e-08
7.20047e-06
4.31078e-09
5.30589e-11
0.966181
8.04041e-05
4.37161e-12
8.8137e-07
4.48368e-10
5.24126e-08
4.33209e-13
0.000335251
1.08403e-07
5.66452e-05
7.53908e-12
0.96897
2.12981e-09
0.968201
4.17666e-13
4.23717e-06
1.14773e-05
4.46827e-06
0.967455
1.6902e-12
0.95789
3.03197e-08
5.0826e-13
1.47815e-12
7.7347e-12
7.18798e-08
1.15545e-11
4.67404e-13
3.838e-11
2.03642e-11
0.968276
3.75108e-10
1.21864e-07
7.05402e-09
6.69436e-08
0.949918
1.74989e-07
1.29901e-08
5.73274e-10
0.966004
4.24503e-05
5.34635e-08
5.14189e-12
7.16094e-13
5.33252e-08
1.68106e-09
1.15601e-05
1.38228e-08
2.149e-09
1.69862e-09
3.00728e-05
9.81193e-12
8.39471e-09
3.7091e-10
6.68007e-08
1.77733e-06
4.00568e-13
1.68816e-06
1.23345e-06
5.32798e-08
0.969126
3.7248e-12
6.25473e-11
0.237459
0.0207048
0.963583
0.966662
1.39211e-10
0.969078
9.85223e-10
1.15808e-07
2.01128e-11
4.28532e-08
3.06569e-10
1.41122e-10
6.45106e-12
6.88491e-11
6.46594e-13
1.89804e-12
0.945905
0.952669
4.01891e-07
1.36135e-05
3.66022e-08
8.50618e-06
4.00346e-13
1.57384e-08
9.93817e-05
8.48196e-08
2.87481e-12
2.43008e-09
6.91869e-08
0.709459
1.51919e-05
5.74768e-09
0.966371
4.64649e-09
0.962942
0.000163312
0.962971
5.36437e-10
3.94264e-05
2.73082e-10
0.000475536
9.60882e-11
0.965595
5.3338e-09
0.920611
1.1132e-08
4.60743e-13
0.000134285
2.09317e-06
1.05183e-12
2.09469e-09
6.386e-13
9.47242e-13
2.4027e-07
1.47991e-07
4.32498e-12
0.00586266
2.9009e-08
0.322696
9.68337e-13
8.99725e-13
1.29016e-05
6.52314e-06
0.964461
0.968968
4.09067e-09
1.18683e-09
3.24686e-05
1.40874e-10
3.88152e-07
3.02662e-07
0.928026
0.000962401
3.59412e-05
5.1954e-12
4.78906e-12
0.968319
3.18403e-09
6.09948e-09
9.23388e-06
0.000178673
8.02647e-12
5.59979e-06
2.72502e-05
2.79663e-07
1.44043e-11
2.02505e-12
0.969107
6.4731e-07
3.60734e-12
0.926592
0.964461
2.44306e-08
7.10335e-08
5.18688e-07
0.000227081
3.6029e-12
3.25366e-11
1.54881e-06
1.06926e-11
2.53337e-11
0.00386339
5.19096e-12
5.7677e-09
5.05823e-09
3.87416e-09
6.11642e-11
1.0978e-08
1.12101e-11
1.492e-08
1.08343e-09
0.00476343
3.73255e-09
0.00486216
0.966375
6.62818e-07
0.000320478
2.38048e-07
5.58997e-12
2.69156e-11
2.32212e-06
1.22057e-06
2.79716e-11
2.02189e-11
2.0459e-11
2.76981e-11
0.96837
0.951941
5.1632e-12
4.41247e-12
1.26247e-09
3.10539e-09
9.73088e-09
6.12234e-10
8.09128e-08
0.00355225
1.0385e-12
0.000602833
9.32631e-10
4.16323e-10
4.33722e-10
1.96951e-10
0.967075
5.10015e-07
1.62288e-07
1.08846e-09
1.17284e-12
0.941686
0.0280733
3.4921e-12
5.81732e-06
1.48057e-09
0.000384755
3.72e-09
1.47382e-11
2.05105e-11
2.98384e-12
6.84e-08
0.000109477
1.60707e-11
0.000937883
0.887855
0.969051
4.58802e-08
8.48422e-08
1.66269e-11
7.96377e-08
1.79501e-12
6.81304e-11
5.7454e-12
7.9181e-07
1.77852e-08
1.31972e-10
4.84858e-09
2.84095e-10
0.00421878
0.968886
5.02811e-05
0.000110735
1.04677e-10
7.4884e-07
5.17357e-10
1.20912e-10
1.64776e-05
0.968774
2.11514e-07
2.79794e-07
0.966396
3.36093e-08
0.0965686
0.969044
2.35417e-08
4.63185e-13
0.00849615
2.67002e-06
5.03111e-06
0.00314314
2.14464e-11
1.32845e-11
0.964385
0.939328
0.00208875
0.019119
3.34372e-10
0.002553
6.34794e-10
0.0028592
1.76983e-06
4.42024e-12
4.34726e-05
2.65277e-12
0.000173489
9.30646e-07
9.23892e-10
1.34464e-08
2.76601e-12
1.80328e-06
6.10536e-11
0.000166056
2.36561e-09
2.40559e-07
7.64327e-05
9.16378e-12
1.53018e-07
0.968863
2.56892e-05
2.22964e-11
5.93081e-13
1.42676e-08
4.96993e-06
3.68088e-10
3.9248e-10
2.51568e-10
1.47633e-11
1.02009e-09
1.10862e-05
7.36292e-09
7.7901e-10
7.08734e-10
0.962088
0.00107652
0.00943739
0.968158
0.965788
3.05134e-12
1.37993e-10
1.59755e-09
0.739105
2.92252e-09
2.38627e-05
2.35936e-11
5.94152e-05
7.69428e-09
0.965304
9.23211e-09
3.7231e-06
1.39776e-09
1.74106e-08
2.90772e-08
0.775876
4.09672e-13
3.63161e-11
1.41938e-09
0.968189
1.89441e-09
1.37842e-06
1.07196e-09
5.40115e-10
4.56524e-13
0.892205
9.27511e-11
7.91597e-10
0.0233191
0.935429
1.8257e-11
0.969117
0.000306961
7.10647e-07
2.75418e-10
7.30053e-08
2.15503e-06
2.6757e-08
2.35339e-07
7.25572e-10
0.765881
5.61703e-09
2.27205e-06
5.68081e-07
0.000122715
2.65031e-07
1.22829e-05
9.70934e-12
0.966677
3.74423e-11
1.20628e-07
0.968356
2.79121e-10
0.0736736
1.29714e-08
0.00076893
3.47294e-06
2.88758e-07
7.36701e-09
2.99738e-12
6.58712e-09
9.06322e-08
5.19034e-08
5.09469e-10
1.22197e-07
4.08998e-09
1.54277e-12
7.93236e-06
2.57162e-05
0.968371
1.06426e-12
4.75458e-07
6.57699e-07
4.21729e-12
2.40761e-10
3.86979e-12
2.08605e-05
1.8186e-08
1.04798e-08
2.42453e-06
3.12106e-12
1.8899e-05
1.28382e-08
7.45615e-08
0.000931124
1.09624e-05
4.35963e-06
8.83122e-11
7.68391e-09
4.24771e-13
4.2268e-10
6.19682e-12
1.09912e-12
1.02862e-09
4.42623e-10
4.09955e-09
2.3805e-11
1.48447e-10
1.08912e-07
0.00209827
6.12688e-12
1.6823e-11
8.43881e-12
1.26433e-10
0.953552
2.48208e-10
5.42046e-09
0.022921
2.11253e-12
1.06269e-08
4.85843e-06
0.963204
7.36144e-12
7.34968e-13
0.960863
0.968833
0.0341633
2.98973e-07
4.26325e-09
8.48947e-06
2.17866e-08
4.99378e-13
4.35755e-09
0.964973
0.947179
3.07143e-07
0.0126333
4.77596e-12
2.55354e-08
6.65806e-05
3.66669e-09
2.1515e-08
2.43721e-11
1.96088e-11
8.62377e-12
4.75175e-13
6.32876e-06
0.969124
8.8729e-13
8.39607e-09
4.92673e-12
0.962377
8.17221e-07
1.10137e-06
6.62403e-11
4.97508e-10
8.57492e-12
2.48712e-12
6.29871e-05
0.968434
2.20517e-11
1.42286e-12
1.6448e-11
1.14155e-11
0.0161627
1.77914e-05
6.85114e-07
2.00895e-09
0.00109195
7.5806e-13
1.11222e-12
0.0169807
0.902197
1.81062e-07
0.964729
0.953304
5.16609e-12
2.86172e-06
2.47704e-11
2.72316e-06
5.97624e-11
4.28183e-07
0.0635735
7.41029e-12
8.14095e-06
4.02123e-13
5.97783e-08
0.961332
2.07634e-12
0.962237
1.19432e-08
0.000120809
2.2474e-09
7.24576e-06
1.13018e-10
1.9354e-09
0.428898
0.000753
0.628082
0.967312
0.000449493
6.26268e-09
8.12473e-08
4.12048e-11
7.09973e-09
0.000179096
1.24217e-08
0.95709
5.73275e-10
5.31305e-07
7.28038e-09
0.933028
3.04258e-08
3.48233e-08
1.70048e-06
2.70681e-11
2.35404e-06
6.07735e-09
9.17967e-07
4.00568e-13
2.63866e-09
8.9794e-05
3.46471e-08
1.27514e-07
2.19203e-10
2.62073e-10
6.86784e-13
8.93515e-06
9.88498e-11
1.27196e-11
3.14135e-10
3.34934e-08
3.1402e-09
5.0155e-11
1.67123e-10
4.69797e-06
1.39282e-10
2.47289e-07
7.95376e-09
9.07516e-06
3.77575e-08
5.01981e-10
1.0502e-11
9.38167e-06
1.18261e-09
7.25436e-05
0.966946
6.3171e-10
6.53907e-07
1.35543e-11
3.04992e-09
2.33e-11
1.32731e-10
3.64882e-08
9.18154e-13
8.17568e-13
5.42076e-07
1.98371e-09
1.95074e-05
2.49254e-11
3.18084e-09
4.58131e-05
0.918264
5.691e-13
1.27964e-12
8.42254e-08
0.956037
1.70232e-09
1.45293e-05
2.98526e-09
0.960731
1.60963e-05
4.16384e-05
1.14535e-05
0.960768
3.36431e-09
0.000102926
6.67642e-09
0.527136
4.1906e-09
3.08637e-09
0.027465
0.000179608
5.43031e-06
3.6573e-09
3.99978e-10
1.27354e-11
0.00643086
3.08591e-10
0.9437
1.15785e-07
0.000106194
2.30558e-09
1.0151e-11
3.34428e-09
0.014175
6.37532e-09
0.00190311
6.03189e-10
4.08967e-06
2.74041e-09
6.37064e-07
0.968189
5.53046e-12
0.00250962
2.59569e-05
2.24905e-09
1.32195e-05
0.947461
4.27983e-08
4.12337e-13
1.96837e-08
1.04125e-10
0.000318686
0.968951
5.96634e-13
1.42129e-11
1.11258e-07
1.94933e-12
9.91305e-11
1.53828e-11
1.7677e-07
2.40208e-12
4.48674e-05
2.3781e-12
3.51512e-06
0.967679
1.76044e-08
3.0895e-10
0.968119
2.73515e-12
0.148041
1.40578e-09
0.0378253
3.72499e-08
4.12628e-06
0.963002
0.000217711
1.07114e-09
2.08369e-11
2.24241e-11
2.79154e-12
3.76845e-10
1.1644e-12
2.24079e-10
5.77471e-12
4.81748e-12
8.35764e-10
5.51483e-10
6.30163e-13
1.29218e-07
0.953735
0.0091299
2.15633e-06
0.966697
0.969062
2.71649e-12
2.11372e-09
7.70273e-13
4.62545e-10
5.316e-07
1.18868e-06
0.969062
0.0163738
0.00232718
2.20951e-10
0.954473
9.31417e-06
2.2056e-06
2.53581e-09
9.54127e-09
6.78113e-08
4.18858e-09
8.01973e-05
1.7915e-10
4.04387e-06
1.60839e-10
1.72933e-05
1.12075e-11
9.13556e-11
0.968533
0.398069
4.7135e-06
7.29861e-13
0.968232
4.67662e-10
2.98506e-07
0.96831
6.01654e-07
6.23827e-09
7.33635e-12
1.147e-06
0.000692697
0.00216765
9.03473e-08
2.22364e-07
8.7392e-07
1.35874e-11
0.0283424
0.182934
0.967868
8.57361e-05
1.0979e-06
0.00168539
5.80203e-13
2.95673e-10
1.42087e-06
2.94377e-06
3.03598e-09
2.11723e-06
1.04295e-09
0.00194266
9.10163e-11
5.41567e-13
1.62865e-09
0.96712
4.40253e-06
5.01888e-08
7.28484e-12
1.4636e-07
4.34205e-07
5.44089e-07
1.52251e-06
2.52065e-06
0.000417535
6.36713e-12
2.24793e-08
2.27685e-12
0.836913
1.02274e-12
2.45532e-11
9.30789e-12
8.15257e-10
1.00788e-10
0.000657934
1.28098e-08
0.000107478
9.01918e-08
8.47023e-08
9.49114e-11
3.2136e-10
2.97923e-05
1.16697e-09
5.9733e-08
1.58427e-11
2.27962e-09
8.16989e-08
4.3004e-07
0.00789941
0.000144786
0.00012015
2.2455e-07
2.97343e-09
7.15215e-08
5.02236e-11
1.6921e-08
1.17406e-11
3.23713e-05
6.66975e-10
8.03801e-13
2.80409e-11
4.74887e-07
0.967335
1.20932e-10
0.000181579
0.968679
3.64582e-07
6.03184e-12
2.35885e-07
4.23589e-06
1.91953e-05
5.45218e-06
1.14463e-05
4.79303e-09
6.51479e-13
2.04425e-08
2.74514e-11
0.0281311
1.35304e-06
6.98618e-10
5.75096e-13
1.25198e-11
0.966761
7.89056e-05
5.41023e-07
1.39077e-06
8.73556e-09
8.16551e-10
2.26217e-09
4.30767e-12
2.2647e-08
1.47561e-05
3.25155e-11
1.16083e-08
0.863249
1.2707e-08
5.66556e-09
2.50379e-05
1.5695e-06
7.67406e-07
2.36198e-05
3.59555e-06
8.49654e-12
3.25029e-12
3.5279e-09
0.967785
1.20081e-07
9.69963e-05
0.969092
0.956523
2.79475e-10
2.22836e-09
4.5155e-12
5.3979e-13
1.82054e-09
1.52331e-11
4.98421e-11
1.39673e-11
2.51635e-06
0.967746
2.06444e-11
3.38396e-12
2.03504e-12
1.17931e-10
5.79052e-08
0.947784
5.51359e-12
5.76545e-09
1.09331e-05
1.97691e-09
1.4146e-09
1.41864e-12
4.24061e-12
2.04532e-11
6.95538e-09
0.961144
0.887385
0.000224235
6.03824e-08
2.05855e-11
5.5254e-09
9.00392e-10
6.43796e-12
8.74912e-07
3.60008e-05
1.18061e-12
1.09761e-07
6.14286e-12
1.99953e-11
0.0120983
0.000803261
4.8865e-06
5.23626e-12
1.12581e-07
4.17677e-11
8.61755e-13
5.03637e-08
5.38442e-06
0.958946
1.12783e-08
9.91248e-10
1.84492e-11
5.80253e-07
1.70507e-09
6.33995e-11
6.66867e-09
9.24372e-12
5.28466e-13
0.000417478
0.968224
3.99606e-07
1.4963e-10
1.18768e-10
0.00257831
0.960145
0.00158455
5.52145e-11
3.85816e-05
0.0137313
1.82428e-09
1.59766e-05
0.959215
0.967677
0.000335396
5.3646e-13
2.96385e-12
5.33853e-10
1.67518e-08
0.969056
0.000852728
7.79408e-06
0.000570455
2.54606e-10
0.000157988
2.8384e-12
2.22908e-08
9.49534e-10
1.22853e-10
1.28574e-07
3.27794e-07
0.000709913
1.31316e-05
9.64229e-12
2.83808e-08
0.00694836
5.12212e-12
1.05782e-05
0.968251
0.000365002
0.000372036
0.0028752
1.25874e-07
1.1801e-09
3.49913e-05
2.86383e-10
1.89588e-11
0.964703
1.43373e-09
0.000493857
0.96644
4.18684e-05
7.85261e-12
1.54673e-07
0.969001
3.00866e-08
6.79719e-11
4.21651e-09
7.86964e-10
0.965621
1.92668e-07
4.31449e-06
3.62579e-09
0.967638
2.57164e-05
4.2323e-06
0.00076181
9.3282e-10
4.65183e-13
3.9313e-12
9.83886e-07
1.62361e-10
1.43579e-06
1.3638e-12
0.0203275
4.57053e-09
0.551453
0.00332592
9.00693e-06
9.32756e-11
4.71559e-10
0.95084
1.03762e-10
1.48571e-07
1.46344e-10
1.81686e-09
0.0100473
1.05867e-05
0.00174759
4.18126e-07
1.64815e-06
9.06386e-13
1.39668e-11
6.72354e-08
2.84484e-06
8.0216e-09
0.00119822
9.9679e-08
0.565572
8.5103e-12
7.3586e-07
2.50739e-11
0.945611
1.61882e-08
8.69216e-11
0.962588
2.79072e-08
5.85976e-13
2.80349e-11
1.66139e-05
1.51111e-10
4.29812e-12
7.44738e-13
2.2202e-06
2.952e-09
1.02114e-11
3.29642e-07
5.01759e-11
0.000446133
3.05534e-05
2.10836e-08
4.39733e-11
8.15874e-08
1.20563e-05
2.67935e-10
2.04443e-11
2.17135e-10
0.205186
8.79509e-09
0.968831
2.89191e-12
4.02345e-13
0.944539
5.40235e-13
2.48698e-09
3.82434e-11
0.95397
9.1796e-07
3.41802e-11
0.902045
1.47589e-11
1.76614e-12
5.1717e-09
0.947803
1.11611e-08
0.952458
6.36535e-12
5.15704e-08
1.54026e-10
2.69776e-08
0.966179
0.000561063
2.5341e-08
9.85769e-11
1.93778e-12
1.88961e-10
2.34261e-10
1.13173e-07
3.44269e-08
1.19466e-06
9.74776e-13
3.30603e-07
8.67859e-08
5.60647e-06
1.55453e-12
1.82143e-12
0.969023
3.93725e-11
6.59886e-09
9.50518e-07
0.964469
1.44255e-10
0.967543
5.56e-13
4.53693e-09
0.968695
9.67691e-08
1.28408e-12
4.215e-10
2.52449e-08
4.09862e-09
6.62892e-12
5.00844e-05
2.27851e-11
9.53844e-10
4.07008e-13
1.3507e-12
0.958001
1.15877e-07
7.27063e-07
3.99721e-06
1.25665e-05
8.97082e-12
0.000602011
0.000141707
0.0555587
1.48283e-06
0.00981368
0.961433
4.84237e-09
5.29354e-13
2.45213e-10
1.22934e-09
1.82003e-05
3.2825e-08
2.1959e-08
8.57203e-12
3.464e-10
1.47568e-09
0.340055
1.21456e-05
1.0055e-06
4.1146e-06
1.84099e-11
0.924107
7.23606e-08
2.88047e-10
0.0148155
5.89092e-06
2.1101e-08
1.18431e-10
1.281e-08
4.93172e-11
6.24389e-13
6.53346e-06
4.55174e-11
0.964685
0.00223433
1.89834e-06
5.88652e-10
1.00267e-10
3.25098e-05
6.61656e-10
2.2021e-10
1.59272e-09
8.96982e-06
7.49423e-12
0.953481
4.83185e-08
0.898592
9.26211e-09
1.75025e-07
4.83396e-07
5.44054e-11
8.98013e-09
1.18075e-08
0.957444
4.09072e-10
8.86222e-11
0.00469734
9.86258e-08
0.000479551
2.90682e-05
4.49902e-07
7.88112e-08
2.14856e-06
0.000830411
0.000270954
0.96526
1.33179e-09
2.81037e-07
0.968149
8.8145e-12
2.66662e-05
6.19793e-12
0.020186
3.01123e-10
9.23372e-12
4.13958e-12
0.965751
0.00157973
2.27001e-06
2.79687e-12
2.52731e-11
0.947621
1.19975e-07
5.47646e-08
4.27858e-12
0.958611
2.58248e-05
0.0016244
5.43252e-07
1.72326e-09
6.12728e-08
0.000236227
0.00734109
8.52475e-09
4.22329e-13
5.50204e-12
1.94095e-08
4.01013e-13
0.959541
5.36192e-07
1.42923e-08
8.52598e-10
1.06707e-06
2.18225e-12
2.1088e-05
7.27999e-09
9.44038e-08
0.00141214
1.99365e-10
4.39529e-05
0.000224695
1.13833e-06
0.00777586
0.968297
2.87046e-10
0.0732405
1.20033e-05
0.258793
0.00308834
1.03627e-05
0.00190772
0.148188
1.12288e-10
0.000647144
5.82645e-12
7.75385e-06
7.49045e-11
0.0690348
9.99234e-11
0.510604
1.16546e-05
1.5271e-07
3.43482e-08
0.956611
0.0398814
1.97151e-11
1.77425e-08
2.8364e-12
2.41421e-10
3.64431e-11
0.523209
0.93854
1.67176e-08
5.10503e-06
7.27786e-08
1.08074e-06
2.96712e-08
7.66787e-12
2.29201e-05
5.84991e-06
9.92229e-10
6.09864e-06
3.94621e-05
3.58485e-06
0.496126
9.5739e-12
1.6601e-06
1.40344e-05
1.77077e-07
2.9819e-06
0.00213613
0.388468
1.34835e-07
6.38499e-08
3.64946e-08
9.63177e-06
1.73684e-06
2.60036e-12
3.27649e-12
4.11976e-09
0.025643
0.932278
7.96008e-11
0.00120861
3.86247e-12
0.449516
8.4079e-06
7.85883e-10
0.176477
1.3565e-08
4.16634e-06
0.96842
3.04334e-12
3.66438e-07
1.20843e-09
7.56762e-10
1.73847e-09
0.000284508
4.03922e-07
5.82239e-11
7.54463e-12
8.02923e-07
6.59282e-11
0.967554
2.16205e-12
4.70704e-08
4.19734e-07
8.8467e-12
0.000825196
5.14959e-11
0.523754
0.881339
0.960215
5.0673e-11
8.05618e-11
1.7687e-08
2.02363e-08
1.09107e-07
0.934187
2.02005e-07
0.964923
4.48085e-06
7.30438e-12
1.69195e-10
4.55533e-11
9.76083e-07
6.05072e-13
1.2232e-06
2.41167e-08
2.44829e-11
0.000618016
8.10723e-06
1.58221e-09
1.73173e-12
4.92807e-07
4.94146e-05
0.968717
5.3626e-12
4.11464e-06
0.963633
0.959332
1.41864e-12
1.4795e-09
0.443621
9.01062e-05
2.39645e-09
0.852906
1.41276e-11
6.4811e-07
7.93108e-07
9.71751e-09
0.056098
0.968823
1.91314e-12
7.00406e-11
2.66946e-11
9.4591e-13
2.83498e-10
5.13323e-12
6.45938e-07
0.956491
4.56524e-13
4.1872e-07
1.00559e-10
1.61075e-07
0.966768
0.000326259
7.2461e-07
1.56965e-05
1.46897e-05
6.57163e-11
1.17237e-07
0.935196
1.74966e-05
0.00108788
1.4758e-11
3.23032e-08
0.000139805
1.29279e-06
4.45644e-13
2.87938e-08
1.3458e-06
2.99982e-12
2.77587e-09
6.59162e-12
4.68867e-11
8.28208e-10
2.58414e-07
7.28939e-05
0.000723937
8.21829e-05
6.1092e-08
4.97866e-11
7.19512e-06
5.28511e-11
4.93673e-06
0.968857
0.289195
3.92845e-08
0.0181023
2.49411e-10
2.17683e-08
2.29043e-09
0.120502
1.41131e-08
6.12245e-07
2.22192e-10
2.06744e-10
6.31181e-08
5.39855e-08
5.50661e-07
0.922557
7.18444e-09
2.2524e-10
0.936037
6.97795e-09
3.64837e-11
3.5266e-07
0.773874
4.26992e-13
1.0009e-07
9.87132e-07
0.00259037
6.05925e-09
2.62162e-08
3.99758e-05
1.90608e-05
1.99226e-07
1.99145e-11
0.0612866
7.39675e-12
0.000778971
5.45453e-12
0.217497
1.83437e-10
2.08071e-08
2.74853e-08
1.45368e-11
0.967862
0.967308
0.000298901
1.02523e-05
4.36651e-12
2.00637e-08
7.44738e-13
1.29193e-10
2.35765e-11
5.22749e-09
0.945087
0.960165
0.955847
0.388331
5.64929e-07
5.9996e-09
1.02585e-08
1.15121e-07
8.20357e-11
2.8168e-07
0.240697
0.00924067
5.08444e-08
5.50609e-09
7.48623e-11
0.00433354
4.1344e-09
3.00231e-08
0.00363865
0.0145772
2.69478e-11
4.69509e-11
9.15801e-11
7.37033e-12
1.30795e-11
4.11542e-11
8.38252e-07
3.30017e-08
1.69703e-09
0.000111019
2.42479e-08
3.19938e-10
2.89994e-08
0.00597739
1.04639e-08
8.73024e-09
2.67322e-11
0.945583
2.44821e-06
1.28675e-12
1.09046e-12
9.1843e-06
4.39031e-06
8.26845e-11
0.313017
2.0847e-07
8.16236e-12
3.98814e-12
0.18114
3.47539e-09
0.968963
8.98841e-10
6.27074e-06
0.0306095
3.49788e-08
0.00544334
0.467263
4.04121e-13
2.57392e-05
2.39528e-11
1.1649e-09
3.87712e-08
7.66512e-05
3.29095e-09
7.67157e-09
2.57295e-06
0.00223944
1.89902e-10
0.00203863
3.3446e-05
5.86864e-08
0.00757338
7.20819e-06
3.15857e-08
1.62927e-07
6.19145e-06
0.945536
0.968046
1.16485e-12
3.62793e-07
0.968553
2.6408e-08
1.04686e-08
0.000379431
0.00475103
4.08784e-13
4.59998e-10
1.61449e-12
9.44465e-11
2.96347e-11
1.51834e-12
1.15646e-05
7.95808e-13
0.962812
7.80943e-08
2.43539e-12
6.76299e-09
0.0250798
0.00314999
3.98795e-08
6.93785e-06
9.38094e-10
2.89718e-10
4.13718e-09
1.81091e-05
3.76412e-11
2.76335e-12
0.326176
3.20696e-06
2.23441e-11
1.20404e-10
0.889066
5.27047e-05
1.44344e-05
4.28351e-11
0.956083
0.027759
0.000497694
0.796032
6.72284e-08
0.339297
1.19048e-07
2.08062e-10
2.29237e-10
0.0032942
1.17577e-11
0.581651
1.03702e-06
3.03779e-12
2.69421e-05
1.57063e-11
1.07875e-06
1.19489e-07
0.000509909
1.0266e-11
0.961709
1.4e-05
2.81577e-06
0.00324275
0.969058
2.84115e-07
6.26161e-07
1.46646e-05
0.907996
7.38146e-09
6.38934e-09
1.5739e-11
8.37301e-11
1.80558e-08
0.966973
2.26358e-10
6.35813e-05
3.6139e-08
1.10318e-11
4.14113e-13
1.53444e-07
0.251905
1.17877e-10
0.000728417
1.07587e-09
9.98632e-09
4.31501e-09
6.97421e-10
5.19198e-10
1.64356e-07
0.00016046
1.16923e-06
7.26308e-13
1.27591e-06
6.88137e-08
0.968792
1.49876e-10
2.5463e-07
7.69687e-11
2.5841e-07
2.3662e-09
2.89942e-08
2.95439e-11
8.34127e-10
0.951804
4.68998e-07
3.829e-08
1.83332e-10
1.58029e-12
0.794326
6.96776e-13
3.53046e-10
6.85278e-10
3.98332e-11
1.66689e-12
1.57095e-08
0.000713229
0.00136697
1.17069e-09
5.18722e-09
2.10039e-07
0.896309
1.22455e-10
4.82949e-07
9.63198e-09
0.0337503
0.000204878
2.82287e-09
2.51824e-08
2.72604e-12
0.963269
8.44658e-13
1.14213e-11
0.0018231
0.968209
2.05833e-05
0.000189554
2.21568e-10
1.98663e-10
5.77554e-05
3.84088e-11
0.761048
0.968651
0.0010107
2.3674e-11
2.02117e-10
2.05553e-09
3.47611e-12
5.68112e-07
8.8947e-07
0.010882
7.15001e-06
4.35555e-08
2.92347e-06
4.81731e-05
1.3025e-08
0.516444
3.86115e-08
0.000404934
0.926336
0.949873
0.959241
3.76438e-07
1.95912e-08
1.22721e-09
0.632511
1.84515e-09
0.000109699
1.2858e-09
0.193222
0.0866396
0.000749468
1.97242e-12
1.33202e-08
4.84501e-13
1.60876e-10
1.19063e-11
5.80989e-09
0.00367969
8.91118e-09
1.47739e-07
0.000128193
5.92375e-11
4.87613e-06
0.0176084
7.65388e-13
4.83407e-11
0.284433
0.000317023
1.714e-09
0.000101396
5.76428e-13
2.83295e-05
1.33189e-07
4.4701e-09
3.1004e-07
7.24733e-06
2.93947e-07
7.76046e-13
6.77015e-10
0.949972
0.000520482
5.98632e-13
1.74105e-11
1.96813e-06
3.10475e-08
1.28629e-07
0.908917
1.1237e-05
1.9597e-05
0.00515977
6.89189e-11
6.56937e-11
0.394926
2.16869e-11
0.887331
5.43367e-06
3.02863e-09
0.0339238
1.78368e-12
2.51704e-06
8.86984e-09
2.6974e-12
0.0384307
0.966776
9.89872e-05
4.42979e-13
7.63265e-09
0.000100217
0.94238
0.859218
2.49156e-07
0.967754
6.97578e-08
4.38671e-12
0.000434447
0.967866
1.78043e-10
2.25625e-09
1.13305e-05
1.59411e-09
1.64166e-11
2.7407e-07
7.86882e-12
0.000960291
5.17333e-08
2.76132e-09
3.39417e-12
6.15781e-08
2.79843e-12
9.0518e-11
5.08521e-10
0.00959976
0.00218084
0.000716476
1.18571e-09
1.04996e-11
1.71003e-11
1.5765e-09
3.16902e-09
0.000158096
4.14338e-06
1.91085e-09
5.61903e-09
2.47897e-10
4.15989e-06
0.00111608
8.33422e-10
4.5941e-13
0.00174432
4.19596e-07
0.209007
1.38578e-12
0.0101083
0.163616
1.61221e-08
1.22449e-09
0.967207
1.03562e-12
9.88321e-13
0.00370294
4.32183e-10
8.41183e-06
0.963344
7.2528e-09
0.922656
0.966638
1.53105e-10
0.000377263
3.94929e-12
5.1017e-12
0.201245
8.52855e-09
1.86715e-08
0.00069345
1.42872e-07
2.85194e-12
4.7428e-06
0.964375
