0.00319812
2.58754e-10
7.71272e-12
1.10645e-12
1.35956e-05
2.01382e-09
3.42566e-10
0.000212062
5.47371e-10
1.49063e-11
2.61823e-05
1.45154e-08
0.000464205
0.9713
0.000140136
1.32347e-10
0.967898
1.61684e-11
6.11729e-07
0.000377677
7.87481e-12
0.000768087
8.7896e-05
1.86835e-11
2.60569e-12
0.00166287
8.66509e-09
4.50379e-05
0.00209181
1.80722e-12
4.31747e-05
1.60494e-12
0.972807
3.40759e-05
1.34825e-12
2.85254e-06
0.97105
4.48437e-11
1.62e-05
1.26991e-08
1.07263e-10
0.960021
0.479745
0.000222155
6.85511e-10
3.30291e-09
1.7506e-12
0.000101698
2.02096e-07
3.94425e-07
8.16711e-09
0.000307089
0.972328
3.0788e-05
2.06257e-12
7.13407e-12
1.97676e-09
6.1512e-07
0.036851
2.94708e-08
3.8502e-07
0.934029
6.5018e-11
0.0340351
1.29424e-09
1.5361e-12
4.84635e-12
3.66854e-10
7.76063e-10
1.309e-05
5.2609e-12
0.00303289
5.7275e-09
2.83605e-10
7.07567e-12
4.30341e-10
1.811e-12
2.99135e-07
2.40918e-08
3.19334e-09
3.94729e-12
2.87396e-07
0.97208
4.41029e-11
2.58954e-08
1.2832e-12
2.4671e-10
3.65834e-10
2.74928e-08
1.16274e-11
0.97296
1.12394e-09
4.74177e-06
6.25069e-10
3.01236e-08
0.31269
0.972818
8.57678e-11
2.11418e-10
1.29208e-12
2.77739e-07
0.972484
0.00194571
0.00976708
1.61781e-09
7.57894e-07
0.000114605
5.48418e-06
0.96475
1.24455e-07
1.20879e-09
1.05412e-09
2.92322e-12
1.48832e-11
1.15086e-12
0.0100533
6.29712e-10
3.23721e-11
9.6864e-10
1.48758e-08
6.94465e-05
0.943376
3.1164e-06
3.53939e-10
1.37331e-08
0.826668
3.85974e-06
9.59952e-11
1.21809e-08
0.000679352
2.37489e-08
1.9289e-12
0.972812
1.6137e-05
0.000397456
6.35837e-07
3.35444e-07
9.50107e-12
0.000271694
0.0389886
0.00958116
0.0926028
1.01962e-06
3.97726e-12
1.1946e-12
9.86731e-09
0.972086
3.49266e-05
4.82814e-12
0.972735
4.61187e-10
1.2771e-08
0.375474
0.96425
4.03655e-12
3.3621e-09
1.65876e-07
0.951365
0.0253863
2.39167e-10
0.000240164
6.07719e-09
0.741725
0.000938906
7.60185e-05
9.01942e-07
6.95488e-12
0.973012
9.31433e-12
7.37655e-10
2.36355e-11
1.11267e-12
0.397718
0.0031793
1.11089e-12
1.13272e-06
4.22431e-11
2.34479e-12
0.000393592
6.71596e-12
0.269549
0.00248071
1.53535e-07
1.48548e-12
0.972837
1.2638e-07
1.93895e-09
1.01694e-11
0.000553872
2.69536e-11
0.207862
8.20846e-09
8.3161e-06
1.10556e-12
0.00342796
4.448e-12
0.973007
1.27875e-12
1.17151e-12
9.43632e-11
6.15726e-09
0.965597
5.59837e-10
0.972946
0.0137415
1.53895e-11
2.59029e-09
2.52706e-08
8.60376e-08
4.1028e-08
4.12465e-09
1.85463e-10
0.0114707
9.53755e-11
9.07664e-05
2.12452e-12
1.29399e-05
0.971427
1.72735e-11
5.37477e-07
1.46549e-12
1.58597e-10
3.71263e-05
0.868105
4.12416e-07
0.000582737
6.88295e-06
2.52387e-06
0.199797
0.000183726
5.70268e-06
3.75272e-07
3.48583e-11
0.000502919
4.90513e-10
1.07436e-06
1.13876e-11
2.30858e-08
1.13287e-12
4.81064e-10
0.000153621
6.05467e-10
2.61771e-08
1.19549e-12
0.970966
7.93025e-05
8.36807e-09
3.52249e-11
0.972527
0.971657
0.110553
6.92884e-09
3.81646e-06
9.88449e-10
0.00150827
4.18932e-12
1.18621e-09
0.970061
1.45325e-08
0.000259608
1.29941e-12
1.90786e-05
0.972936
9.29165e-05
6.40322e-09
0.112366
6.27155e-05
0.00111136
0.971418
2.67504e-11
2.14372e-10
8.2848e-06
0.111229
0.000779396
0.00169993
3.08599e-07
1.78559e-09
1.05663e-05
7.13855e-08
5.06328e-11
1.96665e-08
2.9032e-08
1.12066e-12
3.10628e-10
0.0013723
1.7375e-12
1.18305e-12
1.47169e-11
0.634768
1.47782e-05
2.84678e-09
0.00652567
1.52682e-05
0.779329
2.80123e-06
1.62427e-05
2.913e-12
0.00559134
2.05413e-12
5.97566e-12
1.05654e-08
1.40943e-07
5.78131e-11
0.107065
0.972915
0.972934
1.00764e-05
1.10933e-12
0.972971
1.13864e-12
9.89822e-11
0.972104
0.00298039
1.61534e-09
0.972769
0.00132815
1.47776e-07
0.0625416
0.000395333
1.67126e-05
1.81966e-11
1.43249e-06
0.0190612
0.148504
3.80544e-07
7.66466e-08
0.973041
5.46729e-11
1.65146e-07
3.61906e-06
1.79479e-12
1.32928e-10
0.000211328
0.967549
2.50438e-05
1.11511e-11
2.74509e-09
0.971899
1.6373e-09
3.72435e-12
0.0222872
0.972653
0.113187
4.82495e-10
0.969519
0.971929
4.34492e-11
0.00348352
1.11822e-12
6.77456e-11
5.25135e-12
1.86322e-10
3.92464e-12
1.10267e-12
0.961824
2.72169e-08
2.4541e-11
4.19216e-07
0.000278067
2.89316e-09
1.21438e-09
2.30676e-06
4.40517e-05
9.3865e-08
4.02567e-12
7.17959e-05
0.972656
4.86506e-08
0.965888
2.81064e-12
1.10534e-12
5.84082e-11
1.01903e-06
8.78885e-07
1.60949e-08
1.01864e-06
4.38948e-08
1.32739e-07
1.04459e-11
3.46496e-06
4.2105e-11
7.70874e-11
7.48336e-05
8.62843e-12
2.22744e-11
0.970713
4.28308e-05
2.51924e-10
5.81788e-11
7.20654e-06
1.34537e-12
0.973052
1.56695e-10
7.17713e-11
2.57028e-11
9.77196e-11
2.51982e-06
4.70188e-11
1.94433e-09
3.42516e-05
4.00729e-05
3.45999e-10
0.0200238
7.10726e-08
6.66528e-07
2.47697e-07
9.75577e-07
6.85575e-09
2.99235e-08
4.43861e-09
1.1852e-06
2.69402e-11
3.78462e-09
5.97309e-11
1.96162e-09
4.86977e-11
0.000131871
1.89753e-11
5.08625e-06
9.8607e-06
2.15479e-11
1.47216e-11
2.99019e-11
1.08146e-06
0.0535288
4.57332e-07
0.000906555
4.20626e-09
4.07247e-07
3.37798e-10
1.30019e-07
3.93463e-11
7.08837e-10
1.10425e-11
0.006195
1.35847e-12
1.56347e-05
8.3763e-10
1.49972e-07
3.0594e-11
0.910856
1.78733e-08
0.00165596
2.78588e-08
1.20537e-09
0.969643
4.92946e-10
1.38391e-06
4.89556e-09
0.971507
2.43901e-07
3.88236e-11
1.22569e-12
0.000984353
4.60978e-07
3.30413e-07
5.25523e-10
2.42508e-09
3.08474e-10
5.69564e-11
0.00149906
1.68456e-09
4.47134e-10
0.150153
0.0228717
6.99063e-12
1.73642e-10
1.69186e-10
3.7419e-12
1.16897e-05
0.000169768
1.98315e-06
1.69702e-10
0.00269801
1.44715e-10
2.57149e-07
1.32535e-07
2.32071e-10
0.961074
0.000113841
2.62912e-11
3.59485e-10
1.12887e-12
0.00532385
2.09655e-12
5.60068e-09
2.69851e-12
0.000122027
1.9755e-06
2.74498e-07
7.98561e-12
4.26387e-10
2.03962e-09
3.33496e-08
5.32299e-11
4.24602e-06
1.48494e-07
2.80117e-06
1.18328e-12
0.972545
1.58587e-05
1.30476e-08
0.782114
6.77575e-09
9.98161e-05
1.67355e-12
3.16097e-08
1.33575e-10
1.77316e-11
0.972609
0.972928
7.14502e-05
0.0065856
0.363057
0.000240734
4.42942e-10
5.59673e-07
1.45478e-07
1.07949e-09
4.31388e-12
2.33611e-09
9.67377e-05
5.09957e-10
0.00208359
8.9359e-08
0.972127
1.95637e-11
0.972966
1.30638e-07
3.66707e-12
1.15768e-07
8.40159e-06
5.95679e-12
6.49891e-11
4.05257e-08
3.11019e-05
8.41495e-07
0.972755
0.159338
0.0803441
1.17257e-11
4.0842e-05
1.85435e-08
2.11824e-09
0.951482
5.37742e-10
0.867748
1.23541e-09
1.94003e-11
1.26474e-07
2.62739e-06
0.972983
3.80644e-07
4.36371e-11
7.3296e-08
0.00695236
4.09051e-12
1.70286e-12
0.0107059
6.84933e-08
3.10893e-06
5.40767e-12
2.60025e-07
1.7443e-07
0.972065
0.0796142
0.161759
8.32838e-11
4.0233e-08
1.78557e-07
1.45906e-12
8.24076e-07
5.64172e-10
2.37388e-12
0.970127
0.971465
2.98002e-07
5.69521e-09
0.093193
2.55608e-08
1.95833e-06
1.27125e-06
0.968147
0.00026395
2.98386e-09
1.09092e-06
5.49314e-08
0.969672
1.56957e-05
0.000124124
0.971577
1.27562e-11
1.79501e-06
2.10898e-12
1.70928e-10
6.02974e-09
0.000980231
3.71033e-07
1.55077e-09
7.44038e-10
2.53034e-08
1.32394e-09
1.01126e-10
2.16732e-10
1.11289e-12
9.11196e-11
1.87672e-12
0.0144501
2.80536e-07
9.74953e-12
4.56066e-11
3.39551e-12
0.0124742
1.12843e-12
6.82507e-08
2.44569e-06
4.81898e-08
2.9405e-07
1.5599e-05
1.08684e-08
2.11173e-11
2.19176e-05
0.0140153
0.000380841
3.61939e-07
0.500671
2.40183e-10
2.87606e-10
7.81433e-11
0.954001
5.75384e-12
1.57601e-11
1.527e-12
1.95526e-11
1.02054e-05
8.09656e-09
0.973036
1.85143e-09
7.32505e-10
1.76328e-05
8.25265e-08
4.89495e-11
0.00324754
1.04073e-10
0.97305
2.63143e-09
0.00870759
0.972905
0.000142005
1.04325e-08
0.969291
0.00155515
0.0018946
0.00390347
2.28822e-08
3.61214e-09
8.80918e-11
2.00761e-10
1.77202e-06
9.07703e-09
1.18347e-06
0.00110483
0.971479
2.50205e-05
8.0552e-09
0.142517
4.52149e-12
2.70287e-09
2.47933e-09
0.00378662
5.23155e-08
0.0558194
0.00446646
2.90679e-12
6.23716e-09
9.47971e-08
0.00163208
1.39027e-11
0.000161932
2.69274e-10
0.0085432
9.81646e-11
2.16804e-12
0.949418
0.000107572
6.70914e-10
0.972448
7.44489e-09
1.405e-07
0.001378
2.28907e-10
0.971525
7.68774e-09
2.10526e-05
0.00363805
0.696599
3.49209e-09
4.65351e-05
0.972821
2.60312e-09
0.000235347
2.75852e-10
1.55188e-09
0.780151
6.3162e-05
1.24187e-10
0.00115102
0.0858372
1.47893e-08
0.96885
0.00244326
9.71686e-09
4.72573e-07
1.79642e-06
2.04586e-07
6.74121e-11
2.46458e-11
1.43315e-07
2.56985e-07
1.75981e-08
1.81921e-12
4.82239e-09
2.13842e-10
4.83036e-12
4.11333e-11
8.0437e-11
3.25762e-12
0.97295
0.965582
0.000172129
1.11988e-08
0.0078617
5.5429e-12
0.000116889
7.25153e-11
0.000163028
4.43834e-11
0.434058
0.000480255
0.968489
0.451071
3.54486e-10
3.61956e-07
2.18023e-10
0.0029046
1.77494e-07
8.80903e-08
8.68415e-06
1.33493e-12
0.00172816
1.02216e-08
0.00364315
0.0260724
1.07004e-09
0.298067
7.25084e-10
8.13194e-10
0.961415
1.11322e-06
0.972595
0.972918
0.641006
2.37971e-08
4.88538e-07
4.21053e-07
0.690254
1.0028e-06
2.85616e-12
0.000352594
5.03242e-12
1.81515e-06
1.14103e-08
6.92941e-11
1.29834e-11
1.75417e-07
9.74164e-06
1.12377e-12
0.969963
3.62072e-05
8.00016e-07
1.07949e-07
2.05976e-06
1.21038e-09
0.972078
4.57905e-06
1.07937e-08
2.18212e-09
1.92356e-10
0.414944
8.01537e-12
0.972923
5.53405e-10
4.54548e-12
1.39745e-07
0.00168657
2.41306e-10
6.64979e-12
3.37588e-07
4.01257e-12
4.24574e-08
6.57356e-11
0.951542
0.972931
0.968547
0.000352738
1.25744e-12
8.62799e-12
7.62324e-12
9.66367e-07
0.000567761
1.44136e-08
3.60347e-07
0.972193
7.22831e-06
2.68218e-06
0.962214
3.5898e-12
1.96845e-11
7.15487e-05
2.05458e-12
1.95153e-09
1.71085e-12
1.03003e-09
2.69173e-05
1.63403e-12
5.4625e-05
1.16715e-09
3.41166e-06
0.13773
0.0251415
9.53075e-05
0.0178038
8.90661e-07
4.41682e-05
3.3403e-05
2.29594e-11
0.9472
4.51673e-10
0.00011384
1.30518e-12
5.93823e-10
2.71805e-12
1.30305e-09
1.20681e-07
3.9227e-09
0.173172
1.57554e-10
3.66042e-08
0.95896
1.40814e-06
0.00132838
2.21476e-10
0.973
3.80598e-11
8.91379e-06
2.34102e-12
2.69254e-10
1.20215e-12
3.58302e-06
9.84739e-11
1.99551e-12
6.71545e-05
0.967984
0.000869007
7.76779e-06
4.67093e-07
2.60807e-07
1.41567e-06
1.77904e-10
1.13942e-08
0.0003913
0.112105
0.173066
2.57561e-07
2.92481e-06
0.000862113
1.28739e-11
0.972925
0.972272
0.00110602
0.00200494
0.0030473
2.55406e-09
8.0189e-08
4.98839e-09
1.20948e-12
3.31898e-07
0.969049
7.29627e-10
0.152513
4.14913e-12
6.11814e-08
1.75193e-12
1.33436e-06
1.32387e-11
0.972157
0.971308
1.22586e-10
3.3421e-08
1.8582e-09
3.98492e-10
5.07216e-12
1.56721e-05
7.39209e-12
2.955e-10
9.42861e-11
3.6696e-06
0.9718
5.00167e-08
3.51581e-09
2.05597e-05
2.7536e-10
0.0838324
6.22125e-12
1.08031e-06
0.00226318
0.965187
0.0222887
6.11582e-11
1.64551e-11
0.973015
6.00006e-05
9.09929e-05
0.971537
0.000237713
3.69391e-06
0.00184175
0.0138035
4.9722e-07
1.09605e-10
0.0153834
2.57231e-08
8.86299e-09
1.52611e-12
1.90723e-07
2.6837e-07
2.03569e-06
0.966803
1.07434e-11
8.82325e-11
1.12056e-05
2.2022e-09
1.28166e-05
1.11733e-12
6.23857e-12
0.337118
2.11742e-12
0.940022
1.2131e-11
1.30329e-11
0.973067
1.65597e-07
0.876981
1.08431e-05
4.33084e-10
4.60418e-11
6.51381e-09
1.63844e-11
3.30447e-05
0.000509148
7.58259e-09
9.42943e-09
3.36651e-11
3.76006e-07
4.7691e-11
0.964018
1.00787e-05
6.71041e-06
0.000125946
1.97666e-11
0.00762765
2.11431e-12
1.74611e-05
0.0478678
2.93631e-09
0.972475
1.04082e-06
0.947849
0.972192
0.680518
3.9604e-09
0.00445444
0.00361925
0.029433
9.66787e-10
0.120345
0.969258
2.07257e-08
3.33804e-11
5.72944e-11
2.68807e-12
1.24901e-09
0.155003
0.00142803
0.0137599
2.72233e-11
1.58489e-11
2.24282e-08
0.973037
7.75796e-07
9.82291e-10
4.24725e-11
9.68988e-07
0.0135356
8.56375e-05
1.36091e-12
8.09035e-08
1.28784e-10
0.966595
0.00944472
1.25344e-12
1.06885e-10
1.86229e-12
2.54893e-07
2.42832e-05
1.48887e-09
5.85354e-11
0.000122618
3.34949e-06
1.56378e-09
4.7724e-12
0.000172154
0.468769
8.67818e-07
6.13964e-11
1.81744e-12
1.61973e-05
6.01695e-08
0.0420208
6.56474e-08
3.99569e-12
0.957208
2.80816e-10
0.0145461
9.58884e-08
2.28995e-12
3.47079e-06
0.96647
8.0423e-08
2.24554e-12
1.23153e-10
4.70978e-10
6.19361e-08
1.71478e-11
1.65251e-07
2.01415e-09
2.97526e-09
5.66345e-05
0.973034
0.972849
1.13709e-12
7.89674e-06
1.63608e-09
0.00573268
5.8812e-08
0.00296489
3.23497e-12
0.00153722
4.35829e-12
6.39709e-09
1.34024e-10
1.74905e-12
1.62226e-12
4.11748e-08
7.71188e-09
2.73048e-12
7.13817e-08
0.967727
0.966784
2.23863e-11
0.000105252
0.00039184
7.21074e-05
4.09517e-12
0.28736
8.84457e-11
6.81618e-07
1.01452e-06
0.00108404
1.13021e-12
0.96699
0.971794
0.000235925
0.00742977
0.0377175
0.12562
4.57269e-08
3.24689e-07
6.1544e-10
5.54326e-10
1.76494e-08
9.20699e-11
0.000393716
1.76637e-08
5.00992e-07
1.6589e-12
0.00343085
2.36684e-10
1.4857e-12
0.000130114
5.89839e-07
0.972751
4.85817e-08
5.23561e-06
0.97289
2.12119e-12
2.86899e-11
4.38887e-10
0.00602275
0.000479304
6.2989e-05
0.0039465
4.80317e-08
1.2399e-12
1.24916e-10
4.44622e-11
5.47467e-07
1.1029e-12
1.7246e-09
0.121361
1.30155e-10
2.56847e-09
1.7929e-11
6.72484e-12
8.25403e-09
0.000164697
2.17613e-09
2.48384e-11
3.87246e-12
5.67306e-05
0.00107762
1.66128e-08
0.650081
2.30225e-11
0.773649
0.0995208
0.938099
3.19546e-09
1.31228e-12
7.75954e-06
1.31628e-12
1.79259e-11
9.66764e-07
0.972079
4.11997e-10
0.972054
1.58028e-10
7.14568e-09
5.41363e-11
6.78894e-05
4.63068e-07
0.972029
2.71737e-08
1.27848e-06
8.93576e-09
1.75764e-11
1.34784e-09
1.01408e-09
2.17054e-07
0.963107
6.59802e-09
1.51496e-08
2.35167e-08
1.12738e-07
9.82532e-07
3.80214e-11
8.33228e-09
2.53693e-05
3.62508e-10
3.19365e-09
0.0165635
0.00446354
2.32214e-12
0.00305374
0.227646
1.42047e-06
0.962742
9.02523e-07
0.972571
1.35056e-05
1.10134e-12
2.33144e-09
2.6395e-07
4.25888e-11
0.972253
0.00103435
7.80544e-09
3.90304e-08
0.946245
8.84408e-05
1.10763e-07
0.0174067
1.93834e-11
5.29775e-09
6.17699e-10
2.96276e-11
0.000122914
2.43017e-11
0.0198497
7.44384e-09
2.76912e-12
9.62293e-06
0.000866057
2.59207e-08
1.55631e-12
0.00137215
2.61615e-06
4.58014e-11
1.48781e-10
1.97107e-11
8.576e-10
3.00293e-08
9.53426e-06
0.0329252
0.000900383
0.970779
0.000101776
0.972921
1.40847e-11
0.972371
0.00267057
1.28182e-09
0.0216839
5.73016e-10
6.11533e-11
5.19029e-12
3.53719e-11
0.970726
7.34988e-05
0.000198641
1.3095e-05
0.00151273
1.33624e-11
1.15441e-12
1.01301e-11
3.04823e-12
1.83626e-07
6.75932e-10
0.967237
0.971642
2.36973e-11
4.24077e-05
0.000593269
2.54455e-07
1.48765e-11
3.45483e-10
2.65032e-12
1.80631e-11
1.77309e-10
7.33005e-09
4.10494e-08
7.90761e-11
1.22455e-05
4.66264e-06
1.95755e-12
1.90516e-10
0.133326
4.9867e-11
0.972825
4.59854e-12
3.34595e-10
1.60645e-09
4.82686e-08
3.54891e-09
7.57683e-11
1.10747e-10
1.25387e-05
1.18414e-06
0.972784
0.182085
4.1531e-09
9.16726e-07
1.58429e-12
6.18981e-06
0.97291
5.59073e-06
0.0644948
1.00689e-09
0.96709
9.94698e-10
5.86775e-12
6.88138e-12
1.79915e-08
1.85994e-05
4.83859e-07
2.84059e-11
1.4091e-09
4.896e-10
1.74637e-09
2.99292e-08
0.0686795
0.0409066
3.41804e-11
4.83411e-09
2.53442e-12
0.970854
3.3014e-11
1.66811e-07
5.75574e-10
2.51078e-10
2.93532e-11
0.963671
9.12663e-08
1.74567e-05
1.3014e-12
4.0909e-08
0.00168509
3.37508e-12
0.000422869
0.972178
6.3373e-05
1.38762e-11
2.53655e-09
4.42335e-12
2.93454e-11
1.02982e-07
0.952725
1.1815e-09
0.0110196
9.6513e-06
1.69657e-09
1.16806e-08
6.21076e-05
9.99296e-11
1.53559e-11
2.82785e-07
1.75935e-07
1.96047e-06
8.47361e-06
4.52595e-06
4.6452e-05
5.27326e-10
1.01648e-05
3.81235e-06
2.21534e-12
1.33604e-12
0.00046965
0.000231245
4.61148e-06
1.22996e-05
0.971567
1.04896e-11
7.28863e-10
5.74826e-06
9.94449e-11
1.25096e-10
0.97197
0.159654
1.16691e-11
0.972008
3.53782e-06
0.00875462
6.18325e-11
1.09448e-09
1.45629e-07
1.46247e-09
0.936978
4.247e-05
8.88513e-06
0.00301222
0.00123875
0.972958
6.21865e-08
0.0212745
0.972069
0.000114264
0.00838476
1.86836e-07
1.19837e-12
0.410534
8.46176e-10
6.24283e-05
0.971303
8.7268e-12
3.52608e-07
7.09721e-11
0.000593949
1.35922e-11
1.24434e-12
2.2454e-11
1.15344e-07
8.07254e-06
3.70212e-07
0.00254744
0.000604684
2.40319e-12
9.01258e-10
0.0581789
1.28906e-10
1.88698e-10
3.9947e-08
4.58407e-06
2.05229e-09
1.36036e-06
1.18899e-07
1.46346e-09
8.00033e-05
1.64507e-10
2.49494e-05
5.52453e-09
6.93513e-09
1.15996e-12
1.26319e-10
1.43121e-07
2.87909e-09
0.37627
2.84763e-05
0.972261
1.17113e-11
1.39245e-07
2.02283e-12
0.0160924
3.95546e-09
0.970065
4.97935e-10
0.000232512
2.82755e-10
0.0185733
1.23318e-07
4.40708e-07
0.00022583
7.51085e-09
0.000675012
3.04135e-10
9.28361e-10
7.25695e-11
5.145e-12
6.03624e-10
3.18532e-07
2.33819e-09
1.04853e-07
4.75676e-10
0.838558
1.35756e-11
0.000572462
2.18636e-05
3.40783e-06
3.56821e-09
3.01407e-05
0.00848087
1.73947e-07
0.00504242
1.74081e-05
0.67542
0.972219
0.972542
4.38871e-12
0.000307667
1.06273e-05
5.68634e-12
1.30189e-10
8.41577e-10
2.0651e-11
1.1442e-12
2.26725e-11
0.953845
0.0135102
4.57612e-12
0.964287
0.938748
3.10567e-06
1.93816e-09
1.2877e-08
0.000118184
1.22976e-09
1.46801e-08
1.86177e-10
1.67223e-06
0.00171964
5.01048e-05
0.000146196
1.286e-09
1.00098e-10
1.99825e-09
1.62574e-07
1.13787e-11
1.08478e-05
0.972675
0.000226187
5.42912e-11
7.3761e-12
0.967966
4.16245e-12
0.97206
3.4616e-05
2.68136e-06
0.000354679
1.01447e-10
0.00237654
1.70495e-11
6.05973e-07
1.56832e-11
0.972409
0.0002089
0.00659352
2.87457e-09
9.04254e-12
0.972735
0.899628
4.89278e-08
9.45105e-09
1.10645e-12
2.01275e-11
6.44398e-08
1.46751e-09
4.77689e-07
0.659939
1.83492e-09
2.75127e-10
0.951256
0.954553
0.961311
0.000308995
1.80124e-07
3.90558e-10
6.88354e-06
1.8231e-10
1.97655e-07
3.09882e-06
1.06091e-09
4.66119e-10
0.970912
2.92002e-10
2.38172e-10
0.00240794
1.71567e-09
3.02114e-12
1.21142e-10
0.96097
7.09344e-12
2.40134e-09
1.10273e-10
1.40334e-11
1.35627e-07
2.30713e-11
4.4276e-09
0.972929
1.06059e-08
0.000152594
3.28103e-09
2.08673e-09
0.972851
6.22777e-11
5.67184e-10
0.0413894
0.965789
5.81668e-10
4.04081e-07
2.52931e-12
0.970284
7.88951e-05
5.6295e-12
1.08255e-05
2.74358e-12
3.1156e-07
0.938258
0.000954498
0.015589
0.91695
3.31216e-05
1.12548e-11
1.49489e-11
1.22369e-12
0.970563
0.0776604
5.96316e-06
7.24798e-12
4.14591e-08
1.86489e-11
9.40277e-07
5.3042e-10
5.07639e-10
2.13385e-12
0.0777058
6.92569e-06
1.13309e-12
0.00836213
1.11644e-12
0.000234111
9.85494e-08
1.67828e-11
3.3044e-10
5.49112e-08
0.00811452
0.973061
0.000301822
2.99345e-11
0.972728
0.972096
0.684084
0.971386
0.0021074
0.966914
0.000483915
2.05846e-07
0.973056
0.468762
7.24965e-09
3.07134e-11
4.09552e-07
5.29243e-12
3.32655e-06
0.000422166
1.3345e-05
0.971999
9.13809e-06
0.963461
6.26763e-11
1.38662e-05
2.60125e-08
5.82834e-08
0.972724
2.65952e-08
0.0101923
0.0485532
0.971458
5.46081e-11
2.14087e-10
5.57598e-12
0.336829
0.970704
8.27205e-12
0.971593
5.00761e-05
6.44242e-06
2.13257e-05
3.53357e-11
0.0138031
1.96798e-12
9.06748e-11
3.98268e-07
2.94202e-11
0.000685052
2.34668e-11
4.53682e-12
0.0351943
5.84402e-07
1.10664e-09
0.965653
1.60316e-12
0.000642261
1.66978e-12
1.72218e-12
1.88389e-10
0.972772
1.36713e-12
8.8029e-07
1.86102e-11
0.0181226
0.97291
3.84138e-09
6.68243e-12
0.000808785
0.00580461
1.90477e-05
1.0241e-09
0.972949
2.66051e-05
0.0217296
2.49618e-10
0.054559
1.82617e-07
0.00264247
0.970598
0.966031
2.92852e-09
0.0309035
1.27535e-07
0.000617624
5.0533e-08
1.37867e-12
2.17717e-08
1.60871e-12
2.53977e-11
5.65606e-05
0.971411
2.21046e-10
0.0279016
7.94081e-09
0.000810998
1.08094e-10
0.000195021
0.971837
6.55403e-05
8.40466e-10
3.13911e-06
5.95124e-12
0.108399
0.972932
3.08592e-06
5.2262e-10
0.000108392
4.49949e-11
1.6474e-06
0.440306
4.94915e-11
1.8194e-09
0.0987082
7.74092e-12
0.972531
8.0452e-07
4.08957e-08
8.70193e-12
0.967299
3.29206e-11
0.000714078
1.93319e-11
2.42926e-11
3.38746e-07
1.4833e-09
7.98026e-10
1.57726e-09
2.16307e-11
0.972806
0.00747357
2.73996e-10
7.87523e-08
0.968314
5.35638e-12
0.00190858
0.071937
2.50338e-11
7.40462e-05
0.953881
1.10591e-07
1.49833e-10
0.972999
1.74966e-09
6.0083e-10
3.73493e-05
0.000792371
3.85447e-12
0.000294674
4.49663e-12
2.69859e-06
0.973064
2.84719e-10
5.48465e-07
5.8346e-11
0.000215576
3.3924e-12
2.19192e-10
0.000606583
0.00152358
0.654032
0.000109662
3.56768e-11
0.564242
1.07054e-10
1.31557e-05
3.47165e-11
0.972707
0.00310545
1.33726e-08
4.55079e-07
0.953111
0.970665
4.59848e-10
1.03459e-10
0.924782
5.38311e-06
0.321309
7.98859e-10
0.258361
0.00111982
0.000261083
2.20444e-11
1.38289e-05
1.03787e-10
5.45947e-06
2.74702e-10
0.000198542
5.68833e-09
3.10317e-09
0.958935
1.17795e-12
1.61047e-07
0.000229253
0.00014473
7.77482e-05
3.39148e-09
0.969921
3.27762e-06
1.0624e-07
2.14401e-05
0.000705198
9.41064e-05
1.15621e-05
5.54337e-11
0.0173916
0.289757
0.973023
1.12417e-10
1.77369e-09
3.42379e-07
0.972753
0.249592
1.76557e-11
1.11355e-12
0.465017
1.97264e-12
5.62142e-06
9.64808e-05
0.00237853
8.26763e-08
1.30629e-12
0.971646
3.5745e-07
0.972772
6.47962e-08
3.11486e-08
0.952278
6.8221e-08
2.20856e-06
3.23567e-06
9.95112e-06
0.971642
5.52138e-06
6.8741e-10
7.17941e-11
0.0128017
2.05995e-10
1.8795e-08
0.972439
0.972648
0.0330924
0.972029
2.70525e-06
0.000279771
8.2771e-08
1.89456e-09
1.14576e-08
1.12355e-12
0.000120409
4.74681e-09
1.48791e-10
3.29232e-05
2.5245e-08
0.00297284
1.99281e-05
1.76793e-08
1.07246e-05
0.96995
2.70397e-06
4.91784e-08
3.92056e-08
3.56708e-11
4.16867e-11
6.87296e-09
0.011657
0.972984
1.21259e-12
5.52649e-11
1.07782e-10
1.55216e-11
2.13385e-12
4.95687e-06
2.46003e-10
2.4533e-10
2.44071e-12
7.80593e-09
8.81487e-10
1.64084e-11
0.970362
0.00166229
9.68018e-09
0.972934
8.93512e-06
2.16052e-09
0.957528
0.971757
0.3808
4.58522e-12
5.56488e-12
1.33893e-12
0.0183467
0.965833
0.969692
9.88074e-10
1.03796e-06
5.52574e-05
1.8531e-11
4.49313e-08
2.80711e-06
1.21458e-12
1.15627e-06
2.15018e-10
0.972132
0.00377838
3.51188e-10
0.00689346
7.16958e-11
0.00893989
2.06896e-08
3.07661e-06
2.61555e-10
2.83784e-05
0.0556299
2.05054e-10
5.54351e-08
5.98521e-12
0.000179763
2.14222e-11
2.79656e-05
5.61453e-08
2.8797e-12
0.9209
1.07782e-08
0.969132
0.972877
0.00189717
1.38423e-12
9.60462e-09
0.972972
0.0559725
1.16884e-12
0.000302719
0.000623151
0.000640941
0.000147682
5.76201e-05
0.000535264
3.88823e-08
1.24674e-09
5.68081e-10
1.26077e-12
2.72359e-05
6.49467e-11
4.04706e-05
0.917915
2.4868e-08
4.16512e-09
7.84344e-07
0.972954
1.13665e-12
0.000173418
0.000271252
0.972996
0.375483
0.000593997
6.87717e-12
4.51237e-05
0.00924417
4.5133e-11
1.16906e-12
1.60694e-12
0.972235
1.34677e-11
5.16335e-09
5.55667e-07
9.98665e-10
1.09189e-07
5.3475e-11
1.17173e-12
0.531535
1.42975e-12
9.47908e-12
0.966809
0.000284435
1.12288e-12
2.15734e-11
1.85446e-09
3.45809e-09
0.972014
3.28306e-09
0.0829262
1.27942e-12
6.16695e-06
0.97305
0.00324094
0.000619311
1.69592e-09
0.0110525
0.00108245
0.774168
6.04865e-08
1.12887e-12
4.7462e-12
0.971577
0.969764
2.14915e-11
7.13715e-08
0.000510402
5.87505e-07
1.01192e-11
0.00186829
1.3054e-12
7.26763e-08
9.13464e-08
2.36329e-10
3.712e-09
0.000943811
0.00848863
6.53677e-06
2.26723e-11
1.21815e-06
4.04535e-07
2.72504e-11
1.36702e-09
1.50171e-06
0.933931
3.17824e-06
0.00079782
5.40179e-11
1.33538e-12
0.050855
4.20801e-06
1.58389e-11
2.76492e-08
0.000535311
0.37485
1.26188e-12
0.187652
1.68618e-10
0.051773
2.27258e-11
0.972507
3.4826e-10
1.7918e-07
4.66271e-08
1.64997e-07
8.07731e-08
1.66551e-10
1.15001e-11
1.27715e-09
0.00105512
2.55683e-08
0.000374057
4.33695e-07
6.25633e-12
6.29146e-07
4.36096e-12
1.71364e-07
4.45229e-10
1.10867e-12
0.000399855
3.48777e-06
0.308518
0.956645
0.969772
0.957754
9.58181e-07
0.0896215
9.30268e-08
0.000382945
8.20853e-10
2.55942e-07
0.802372
0.00524958
0.966207
2.94055e-07
7.17194e-09
0.972841
7.15349e-09
5.9793e-08
7.72263e-08
0.972587
0.109172
3.40972e-06
0.000405442
2.66875e-12
1.13176e-11
1.31462e-10
8.229e-08
0.967082
9.03336e-10
8.72102e-12
6.82143e-12
9.80682e-06
1.42253e-09
0.0292812
2.43035e-08
0.971348
0.000454014
6.84703e-09
8.07964e-10
3.41183e-05
0.971949
7.12024e-11
0.00459297
0.000424057
1.69431e-10
0.063734
0.966488
0.0462217
8.81326e-11
1.49236e-12
6.17435e-10
1.70963e-05
4.33462e-07
1.71285e-12
0.00713822
2.24398e-12
4.97574e-06
0.00018721
3.98041e-07
5.34741e-11
0.000715717
1.39396e-06
8.60602e-10
0.972488
0.971512
1.76315e-11
6.06757e-05
7.66754e-10
0.969971
0.17518
6.60813e-07
4.42493e-07
5.05404e-10
0.000191598
6.50522e-06
9.68569e-06
0.313329
2.74936e-12
8.53604e-10
1.24018e-09
2.76146e-08
0.972371
1.10973e-06
1.88201e-05
4.90816e-06
3.33977e-06
2.66147e-10
5.09823e-11
2.95792e-09
3.28978e-09
1.31229e-09
0.00556157
3.31501e-09
0.000159421
0.683678
0.00514709
1.45715e-06
2.51323e-11
2.53542e-09
1.17722e-10
0.00574162
0.000659437
3.70108e-09
6.31231e-05
1.90718e-07
2.22304e-08
2.39293e-06
3.8449e-08
7.89251e-11
1.14442e-12
6.9672e-11
1.84985e-12
0.00013074
0.0313981
2.49832e-09
1.56347e-08
8.80116e-10
1.13403e-10
0.00800718
0.970837
2.18701e-05
0.00039543
3.30345e-08
0.00052202
0.000942037
2.25633e-08
9.68513e-08
0.973068
0.967513
6.78377e-09
3.62883e-11
4.76184e-11
5.37819e-11
4.1738e-09
0.110516
3.42421e-08
7.52312e-05
1.2643e-07
7.57159e-11
0.834959
1.03731e-06
0.66609
1.83416e-09
0.262626
2.65344e-10
1.55789e-09
3.93121e-11
1.51887e-11
0.000586127
9.37781e-10
0.417657
0.957104
2.29294e-07
1.16995e-12
1.27115e-10
6.7742e-07
4.26314e-07
2.35637e-10
0.000812513
1.43548e-08
5.52116e-06
4.81149e-07
0.000912002
5.6331e-10
7.63517e-06
4.83732e-08
7.42857e-11
6.93285e-11
0.972165
2.7934e-07
0.000128062
0.817359
1.44899e-06
0.00813596
2.03237e-12
0.560016
0.0286494
0.000166818
0.219717
0.0137095
1.41926e-10
5.14363e-10
1.38887e-11
1.51352e-05
0.161635
2.9327e-07
1.64955e-11
2.09038e-07
2.44517e-06
0.053638
3.56684e-07
1.02104e-08
8.6471e-09
1.14464e-12
0.834289
1.21669e-05
4.78959e-11
3.31135e-12
6.53055e-12
2.64144e-12
4.51338e-06
1.13206e-08
1.14224e-11
0.718968
0.246006
5.30599e-05
9.95745e-10
0.000356333
1.18419e-08
7.05065e-06
3.06559e-10
1.2208e-12
4.53304e-12
2.31779e-07
0.972609
5.55936e-09
5.10925e-12
0.958513
2.01983e-09
0.000388649
3.37441e-12
1.90889e-08
0.972793
2.60628e-06
0.971068
0.972728
0.129759
0.963902
0.00131016
0.563205
1.38562e-09
6.56949e-05
1.69569e-11
1.46367e-11
0.0657219
0.0548846
2.08833e-12
0.000699087
0.746367
5.25862e-06
0.24043
1.23701e-10
5.48903e-07
3.61547e-05
0.951192
4.28492e-08
0.924786
0.97256
4.44147e-05
0.972404
1.54096e-08
1.49818e-10
3.99865e-11
0.26915
1.44207e-08
6.68434e-10
4.66804e-12
0.856731
0.485138
1.1271e-12
0.00417307
1.15668e-09
7.09798e-08
0.863637
4.25193e-12
0.0667168
9.512e-09
1.46909e-11
4.62318e-08
6.29341e-09
0.971692
5.16705e-06
1.44507e-11
1.94432e-08
5.50423e-05
0.964086
2.9036e-08
1.67633e-05
6.23164e-08
3.32828e-07
2.61518e-07
1.07723e-08
0.000541811
0.00176243
7.81286e-12
5.81948e-11
0.0141966
2.24707e-06
1.48304e-07
5.95693e-06
0.780972
3.37493e-06
6.74944e-05
1.71185e-09
1.04953e-07
2.27396e-12
3.8689e-08
0.00369465
0.000199211
3.91265e-12
0.000821914
3.43187e-09
0.970408
4.15742e-09
0.943454
2.11528e-08
7.19755e-11
0.00127082
1.12556e-10
0.972244
0.28711
0.000671044
0.943485
0.00114664
2.59964e-10
0.956828
2.41502e-11
2.01505e-12
3.22253e-11
8.93171e-09
7.108e-10
9.92874e-10
0.0119863
6.50638e-09
3.20885e-06
0.000465433
0.944973
4.25719e-10
4.39474e-09
3.26827e-12
2.00174e-08
3.02797e-09
8.52141e-12
2.05547e-12
2.19439e-05
4.74275e-10
0.0464046
0.0350286
0.00495985
0.972726
2.12767e-09
0.9719
1.81832e-12
2.25756e-05
4.35721e-08
0.000738866
0.00141603
6.0294e-11
2.35658e-08
0.968152
0.000417697
0.00135665
1.25461e-05
2.16179e-05
1.19589e-08
1.27818e-07
1.20685e-06
2.22994e-10
6.08025e-12
3.80102e-06
0.534145
1.63415e-07
3.45717e-11
1.6221e-11
1.04545e-10
0.00241422
0.941061
1.20703e-12
1.46438e-12
5.92099e-05
0.972896
0.370044
8.21743e-07
0.0373436
1.40039e-11
0.0107511
0.00113779
2.14958e-09
0.00215517
1.34685e-07
0.971996
0.000209027
3.99401e-09
0.00136742
0.202214
0.000179687
2.18025e-10
0.972644
2.79635e-08
8.01637e-11
7.11147e-08
0.000371841
9.63007e-12
7.39129e-07
0.972207
0.971676
0.550531
0.0116746
0.00177539
0.972803
3.86928e-11
2.10603e-09
0.0183846
2.43923e-07
3.77084e-10
8.0983e-09
1.37306e-08
9.59739e-10
0.000104658
2.85176e-09
0.00824557
1.00908e-06
0.961434
5.04972e-11
2.80029e-07
1.20171e-12
0.00055107
8.17707e-05
0.00027767
4.47219e-10
1.00683e-07
2.13962e-12
6.92681e-11
0.972896
7.96044e-05
0.000375186
5.97298e-08
1.63098e-10
1.90669e-05
3.63903e-07
2.27852e-06
9.38171e-08
0.300357
1.96781e-08
1.49508e-08
5.65638e-10
0.000104861
2.54565e-11
0.0527436
1.22213e-12
0.428413
0.972722
4.66048e-06
1.69663e-05
2.14662e-09
2.48168e-11
4.16878e-08
8.05298e-07
4.08654e-05
1.33986e-10
9.15911e-06
0.971258
2.6622e-06
6.69285e-11
0.000310766
3.03066e-05
4.10492e-08
3.71987e-11
0.509869
1.20359e-09
4.47686e-12
0.0116691
2.25315e-05
3.62419e-08
1.87207e-05
7.05674e-06
1.54464e-05
5.47594e-09
8.27071e-05
6.12168e-11
0.161834
4.88104e-08
1.11092e-05
1.87987e-08
2.1525e-12
0.972695
3.05244e-09
1.45377e-11
1.11168e-10
2.32132e-09
2.56084e-12
4.20102e-07
2.35854e-10
7.34974e-10
0.000476369
6.51693e-10
1.38279e-06
1.50717e-09
0.0508812
0.96697
4.46787e-09
0.00456281
0.0898838
0.778348
1.13953e-12
2.35449e-08
1.29852e-05
9.39693e-12
1.39791e-09
0.965885
2.27656e-06
4.733e-10
1.44585e-08
0.855182
0.971505
1.60355e-06
0.0242619
6.24113e-08
5.14568e-09
0.000797606
7.09857e-07
5.94035e-08
1.51101e-12
0.000202737
2.30016e-12
0.909083
0.938451
0.97201
3.05494e-09
3.24639e-10
0.934713
5.32416e-11
2.71146e-05
0.000396688
0.0139905
3.13381e-10
2.09417e-07
1.71215e-08
5.79478e-07
8.61801e-09
4.90844e-07
0.381248
2.68163e-12
1.13776e-12
9.61828e-08
6.94356e-12
0.972975
7.28786e-11
0.000362974
0.957443
1.15996e-12
8.9794e-07
9.71623e-11
2.24167e-11
0.972077
0.960819
0.972823
7.4635e-06
0.00122632
7.89576e-08
7.29582e-09
1.39582e-10
0.0116751
0.955661
1.4006e-09
4.14487e-07
0.123837
1.03304e-06
8.06287e-08
0.00146241
9.32758e-07
2.74358e-12
9.68778e-11
6.08425e-07
8.59071e-07
1.39238e-10
1.09397e-11
0.0812115
0.00116207
6.30394e-11
4.47847e-10
0.710484
0.0714425
0.499913
0.000141473
4.44144e-07
4.12304e-10
7.84715e-05
2.26808e-08
0.368746
1.47091e-05
0.62014
0.801321
2.27796e-12
0.00264526
2.01921e-06
0.971765
6.6593e-11
0.000804481
3.3634e-11
2.54055e-11
3.62871e-07
1.24945e-05
0.256216
0.000120015
0.0215055
0.964389
0.937804
0.912247
0.0264424
0.972941
4.70904e-10
3.88432e-09
1.17135e-05
1.24212e-12
1.3578e-12
0.000375485
0.970832
0.972968
1.06662e-07
0.00012341
7.93188e-12
5.89012e-10
0.0202303
7.60441e-05
1.92713e-12
7.70095e-12
6.54887e-09
2.94474e-08
0.920141
0.00409285
6.185e-06
9.69911e-11
2.1238e-09
1.61905e-06
0.00353233
0.97234
0.694884
3.05105e-10
0.96936
3.9318e-09
7.14914e-05
6.26644e-08
0.972452
0.00204125
0.000457468
0.968879
2.95086e-11
1.46638e-12
0.45031
1.17084e-12
0.777088
8.42197e-11
3.50248e-07
2.32345e-11
2.27665e-11
0.000117884
6.06325e-09
0.933281
1.14675e-09
1.54161e-10
2.32687e-06
1.95598e-06
0.96281
1.10378e-09
0.402091
0.00048132
0.729611
0.0134037
7.0375e-07
1.58651e-12
1.68238e-06
0.0753793
0.181112
4.90341e-11
1.41346e-08
0.102665
0.973018
0.972956
0.305989
0.000365009
0.000187629
2.18332e-06
0.191436
2.76904e-05
0.971595
6.53108e-10
5.86857e-10
0.00926637
4.88651e-06
1.04807e-10
1.24647e-08
9.48761e-10
1.43429e-08
0.873159
8.77867e-09
0.000151891
4.33618e-10
9.44449e-10
2.83905e-05
0.000545325
1.67322e-08
0.00045656
2.47224e-12
2.2491e-07
0.15492
1.97371e-10
0.0581385
5.80072e-08
1.64779e-12
9.45197e-11
0.462902
1.9178e-12
3.57483e-05
0.535827
3.19081e-08
1.12592e-05
2.28572e-05
0.90329
5.39293e-11
0.000146935
0.000165281
1.97493e-11
0.215606
0.0621343
0.973038
5.82465e-09
0.669242
0.0095365
2.57689e-11
0.000472676
1.1422e-12
0.0111204
4.59966e-08
8.5567e-08
0.186837
7.18826e-09
0.696253
0.00105144
1.84141e-08
1.04969e-10
5.07997e-09
1.46638e-12
1.11111e-12
5.32815e-05
3.4411e-10
0.000177611
5.64036e-08
1.18265e-09
0.00854542
0.119572
1.355e-11
1.09528e-05
0.125657
0.973
4.32877e-10
2.93996e-11
7.21332e-10
0.0675584
3.28874e-10
4.17121e-06
5.74792e-08
3.72435e-12
0.116107
0.170128
8.52083e-06
1.13487e-12
3.06752e-05
0.340905
7.70673e-07
6.13886e-08
7.09147e-09
2.7276e-12
4.82823e-10
3.74301e-12
0.0127159
2.81568e-05
0.000416112
6.23229e-07
0.000180209
1.08205e-08
1.72068e-09
1.50135e-05
8.52696e-12
8.44851e-06
7.11427e-08
0.0102746
1.58118e-12
0.000639826
0.972979
0.97298
2.62697e-07
1.58135e-09
0.321218
0.00292631
3.48047e-07
2.19447e-11
2.65466e-09
8.3838e-11
4.35599e-09
1.77658e-05
0.00026297
1.72544e-11
1.02928e-06
1.02154e-05
8.77633e-08
0.000696938
1.62996e-11
4.62162e-08
7.20353e-10
1.80719e-10
6.62948e-10
0.39106
0.470919
3.61207e-08
1.5185e-06
0.462451
1.00428e-07
1.10778e-12
1.69104e-10
0.0356549
2.90525e-09
5.02407e-05
1.83786e-12
0.00110791
0.002692
2.89822e-08
0.971782
0.00627928
2.4909e-12
0.972734
0.75352
8.74373e-08
1.7128e-09
0.00204782
0.972301
3.20277e-11
0.969778
3.26975e-08
