2.62057e-12
1.4011e-10
5.12139e-09
1.46333e-08
1.42163e-05
2.46455e-10
8.60739e-07
2.00881e-08
2.02901e-09
1.3134e-06
0.000602477
0.968555
1.09635e-06
2.66611e-08
4.7958e-08
7.84715e-09
4.29676e-09
4.36184e-12
1.27349e-11
2.64455e-07
3.12743e-11
0.975012
0.969601
8.13349e-12
1.92131e-11
3.46016e-08
1.13327e-11
3.27545e-07
9.86295e-11
4.3255e-10
0.00153424
1.01774e-11
8.36774e-08
4.28503e-08
7.31992e-12
1.20656e-07
8.07842e-07
1.68886e-08
5.85875e-09
1.61268e-08
1.67843e-05
0.000205116
0.065238
0.972143
2.32845e-11
5.96143e-10
1.61409e-08
3.83279e-08
2.33143e-06
3.91376e-12
1.04669e-08
9.5753e-07
2.7008e-09
0.976186
1.67012e-07
2.47358e-11
3.77641e-08
1.1819e-11
0.960759
3.46806e-08
4.10445e-11
0.000621421
7.11795e-07
0.000178285
4.34993e-07
1.04095e-11
2.08129e-11
8.57092e-12
4.20676e-08
0.976834
0.903114
1.52867e-07
1.40643e-11
7.19225e-10
2.66331e-11
2.07399e-05
2.32983e-11
6.21351e-08
2.08772e-09
2.05851e-06
1.17151e-12
1.33587e-08
4.72931e-08
8.81154e-07
1.13661e-10
1.74547e-10
0.975361
1.42036e-10
2.74234e-07
3.0149e-09
1.81803e-08
3.02247e-12
0.885996
1.76437e-12
2.45552e-10
8.87899e-07
0.000154463
0.916924
7.42114e-09
0.00958478
2.71303e-10
1.37581e-08
0.000101134
4.61441e-06
0.936498
3.43804e-06
0.027564
3.20834e-11
0.000151476
1.60102e-05
1.73389e-08
2.629e-07
6.94255e-06
2.38143e-12
0.000112121
1.43285e-12
1.61163e-10
0.976719
1.40761e-06
2.33481e-10
1.22036e-12
8.03107e-10
4.04317e-05
0.978975
3.9356e-10
1.72454e-10
0.000107495
4.21501e-07
1.70409e-08
0.00159438
7.913e-12
4.15024e-12
3.59313e-12
2.1512e-10
8.90558e-06
0.979664
1.79568e-05
9.04626e-10
4.44583e-09
0.000104739
0.000259331
0.0094407
1.15525e-05
2.89058e-12
2.36411e-12
1.06798e-08
5.20178e-09
1.40129e-05
9.38138e-11
3.07263e-11
6.48548e-12
0.97977
0.00186569
0.00209427
0.000118029
4.05697e-10
5.35911e-11
1.281e-05
2.98713e-07
4.48949e-08
3.05044e-06
2.33758e-07
2.0021e-08
3.66565e-09
0.00061576
1.79022e-07
7.71643e-11
6.03739e-12
2.9085e-11
1.61737e-12
6.67305e-06
3.99769e-12
0.00601032
0.00358017
3.2212e-12
0.977957
4.72338e-10
7.90878e-12
1.12799e-12
4.63889e-07
5.41156e-06
9.55349e-08
2.21125e-08
0.000174518
1.30773e-05
0.977632
5.24515e-09
9.28593e-09
7.37492e-07
3.82094e-12
0.000138163
0.975751
2.55991e-10
1.82232e-12
0.000407552
2.9333e-11
1.51036e-09
3.09547e-06
5.95389e-09
8.86409e-11
4.61924e-10
2.50166e-05
9.43662e-10
3.38555e-05
0.00279882
5.79681e-10
3.00283e-10
2.85662e-05
0.979185
0.000103787
0.938273
7.98505e-10
0.926381
2.87685e-11
3.32712e-11
6.69427e-11
5.38822e-08
0.000265006
1.03874e-10
7.81984e-10
5.67368e-12
0.97716
0.964647
2.58641e-10
1.84523e-09
0.00238533
4.14022e-06
2.45674e-09
1.09557e-12
0.000918231
1.3062e-07
2.88986e-10
7.79299e-10
2.03961e-11
2.93125e-10
1.58998e-06
0.971357
9.44615e-10
1.05685e-10
9.31089e-10
2.18905e-09
0.000171029
0.974589
3.40703e-11
1.64571e-06
2.85687e-09
1.09901e-07
3.66046e-08
1.20548e-12
5.19466e-10
0.00353967
4.52511e-11
1.43048e-11
1.56584e-11
0.000188747
9.15288e-11
3.41533e-08
0.000426407
5.73091e-09
6.65579e-12
1.54743e-12
1.15244e-10
3.67704e-11
5.18192e-09
0.977525
2.31037e-06
2.30172e-06
7.17345e-07
4.05954e-09
1.87263e-10
1.81945e-09
1.59421e-05
0.00495783
0.000438104
4.32169e-05
6.10458e-11
7.20742e-06
1.01746e-05
5.42693e-09
1.59716e-10
5.85599e-09
6.98441e-12
1.11777e-12
6.85168e-10
0.0123844
2.48446e-12
1.53277e-12
1.23073e-10
0.00185728
0.0110082
1.30796e-09
3.37027e-05
7.90475e-06
0.000153876
2.13125e-08
1.38287e-11
2.67319e-12
3.18796e-07
0.978764
2.49101e-10
2.2055e-09
2.32873e-05
7.41518e-12
0.00566125
4.39618e-10
2.25775e-12
1.89842e-09
0.970607
2.56126e-05
3.61428e-10
2.23854e-10
1.54471e-05
9.52095e-10
1.12981e-08
4.36073e-12
1.68152e-05
0.00109955
5.19906e-08
3.37368e-07
0.97654
1.06e-10
1.01261e-06
0.00106068
1.45249e-09
0.973694
2.80332e-10
1.6232e-07
1.3633e-10
0.000292756
0.00151396
4.46421e-12
1.57732e-09
3.7306e-05
0.000759919
0.973147
6.45767e-06
7.82086e-12
1.17503e-05
1.05412e-07
6.77185e-11
4.72471e-05
1.14528e-11
2.9046e-05
0.000532786
0.000205225
1.05592e-09
2.40234e-11
0.973303
1.09956e-12
5.59956e-09
4.52149e-10
6.77358e-10
2.08453e-11
0.979577
0.000367155
0.00948177
3.26872e-12
0.93111
0.000890216
0.975588
5.3544e-10
1.83174e-06
2.52623e-05
3.93028e-11
3.08269e-11
4.43096e-08
4.02703e-06
1.72951e-12
3.46369e-05
0.974302
1.67509e-10
6.00396e-10
0.97534
5.85868e-07
0.969578
2.99978e-11
0.00183208
0.699528
6.38622e-09
1.60455e-06
1.77192e-11
4.57501e-12
2.02578e-09
0.975389
1.75558e-05
4.578e-10
1.09527e-05
6.71151e-08
2.01307e-09
7.19972e-07
4.79283e-12
3.5697e-08
0.000109373
2.18836e-10
3.86289e-05
1.70848e-11
0.978508
2.18969e-05
2.59661e-05
0.016542
0.944786
3.79343e-09
4.96618e-07
3.40064e-11
0.00967153
0.973934
2.69855e-11
6.77942e-07
3.28823e-07
1.04506e-07
3.63676e-06
5.96621e-11
8.31329e-09
2.50289e-12
0.00045402
0.975285
2.75259e-07
1.71063e-12
9.74876e-07
6.90628e-08
1.91022e-09
2.19855e-11
2.17733e-09
0.979426
1.09185e-05
0.226672
1.52159e-09
5.68183e-10
2.80105e-10
0.000509549
4.50893e-09
0.000233817
1.33262e-10
1.34621e-06
5.80197e-07
2.5957e-12
0.00144638
2.75607e-07
1.25678e-08
5.38647e-11
2.76362e-10
0.968998
0.947861
0.00100345
5.38751e-07
5.30394e-07
2.00466e-05
3.406e-08
7.81422e-09
1.02078e-06
0.00156435
0.966806
4.25428e-09
0.816789
2.1709e-06
4.38027e-12
1.53484e-10
1.25714e-07
5.4764e-08
2.22626e-11
3.44512e-08
8.73013e-12
9.64997e-09
1.07212e-06
9.81522e-09
8.27678e-10
9.00924e-12
1.03911e-10
2.6604e-10
3.33358e-05
0.00388905
1.64312e-06
1.06398e-10
4.02905e-06
9.27614e-12
4.29923e-12
3.09766e-09
0.975559
3.23701e-06
0.979545
0.000754169
0.969191
1.12811e-07
1.50911e-06
1.34159e-12
1.00617e-07
4.30567e-12
0.00307792
2.58194e-10
2.364e-08
9.76841e-12
6.35409e-09
7.01683e-10
8.64856e-06
0.980182
0.955305
2.08489e-05
6.72793e-08
9.74953e-12
5.5016e-12
0.974914
9.98591e-08
1.05113e-07
1.27067e-10
2.87023e-07
1.09668e-06
2.99665e-10
8.71034e-11
4.93194e-07
3.88521e-05
0.000529016
3.16833e-07
0.000147312
4.13777e-07
0.971533
2.55945e-07
1.12148e-06
5.12157e-07
0.976718
6.08669e-12
2.65059e-11
4.70635e-07
1.74638e-12
3.59355e-05
7.43554e-10
6.40621e-12
1.66722e-11
1.44494e-10
4.31606e-06
7.76842e-09
1.46813e-05
1.28111e-07
0.977216
1.17166e-10
1.67664e-11
4.48696e-10
8.49824e-10
8.15181e-08
5.00805e-09
1.1008e-07
0.971231
0.966457
2.03498e-08
3.88236e-11
0.973892
7.30062e-07
0.0269616
5.68119e-06
6.77003e-11
1.15664e-08
0.0334661
5.07672e-11
7.54498e-09
7.83262e-11
6.75282e-12
0.00109317
1.15823e-10
1.18546e-08
4.31582e-07
2.79855e-09
0.975844
5.60438e-11
1.78699e-06
0.976264
1.3614e-08
1.28946e-07
2.22806e-09
1.46122e-09
1.5562e-09
2.0133e-10
2.44449e-12
0.960727
1.50776e-09
3.57432e-10
2.47922e-11
0.000416074
1.56246e-10
9.57037e-11
0.836826
1.90239e-09
6.92728e-10
0.00998358
1.81613e-05
2.84925e-07
6.64668e-12
9.77494e-11
1.07798e-06
3.89644e-12
1.44746e-08
5.51564e-06
1.29222e-10
4.95315e-12
0.972541
5.59564e-10
5.31106e-09
3.86965e-06
1.60326e-07
0.977058
1.03186e-11
2.2902e-08
3.52971e-09
7.32133e-09
6.60112e-09
1.9596e-10
1.43479e-11
1.52889e-09
1.25239e-10
1.96494e-10
4.27616e-08
2.54353e-10
0.000226591
2.48201e-12
0.000153336
1.92933e-07
7.35451e-08
1.36913e-11
9.8042e-10
2.84432e-06
4.6285e-08
5.85989e-07
3.51012e-08
4.52918e-05
1.9416e-06
4.40103e-10
2.37247e-07
8.7495e-08
3.00227e-12
3.32484e-07
2.01755e-09
0.0075975
1.10185e-11
4.86196e-06
3.6053e-10
2.13822e-10
0.00451807
4.47646e-08
0.234486
2.07532e-11
2.0095e-12
0.954829
1.68718e-05
4.20889e-06
3.76891e-08
1.17224e-07
1.23923e-11
0.980051
2.94564e-06
5.49985e-10
0.081631
1.00995e-09
1.94009e-08
0.961329
5.35169e-06
2.49761e-06
2.18729e-09
0.974853
1.44213e-05
3.32077e-09
0.975588
6.50949e-07
3.57543e-09
4.10313e-06
1.68284e-08
1.15332e-05
1.44471e-11
4.72967e-07
4.27458e-12
1.36706e-11
0.0106366
0.00528444
4.52155e-10
1.30487e-06
2.40118e-05
1.40921e-11
5.99794e-08
0.977448
0.978307
1.16873e-11
0.978708
2.25769e-10
9.04741e-07
5.15478e-08
0.937255
0.00602201
0.959864
1.0244e-07
7.95722e-06
2.04479e-11
6.15294e-11
1.42807e-07
1.8935e-08
0.000684473
8.54781e-11
6.44563e-08
0.0231772
0.000208624
1.4208e-08
8.03072e-07
1.94358e-10
6.2309e-09
0.966524
1.99505e-11
9.63625e-05
0.000803084
1.45982e-08
1.16427e-11
9.56037e-05
1.58946e-08
3.26517e-12
0.000242284
0.901428
7.79219e-09
1.03921e-08
0.000199663
1.4463e-09
4.88356e-10
2.61955e-10
4.03073e-09
1.35586e-08
1.09162e-08
3.75029e-08
3.90352e-07
6.6759e-09
1.16269e-10
5.37965e-09
1.90808e-06
4.30675e-09
2.1823e-10
2.72569e-08
1.11954e-06
0.769531
3.96344e-07
9.8781e-12
2.18519e-07
4.36905e-10
2.34687e-09
1.34401e-11
8.27873e-06
0.000475765
0.0591748
2.59945e-08
2.1177e-09
0.00325792
1.987e-10
1.90541e-08
1.79607e-08
2.13829e-12
2.61571e-11
2.46114e-11
2.9305e-10
4.42023e-09
3.88812e-08
8.74088e-10
0.000264318
0.946918
1.04351e-08
3.04889e-12
1.1876e-05
1.60905e-06
1.39451e-09
7.49374e-11
6.23347e-10
4.65458e-09
1.44171e-10
0.000178638
1.70392e-10
6.13265e-06
3.25457e-08
0.949369
5.66458e-12
9.13472e-08
1.1253e-11
6.12055e-06
2.03073e-08
7.69798e-08
4.52288e-06
2.48532e-11
6.30429e-12
6.97584e-07
4.04818e-11
1.00127e-11
6.60709e-05
1.87932e-08
3.68391e-09
1.25444e-05
9.27046e-09
5.3022e-10
0.713286
1.58017e-07
9.91185e-12
1.16198e-08
3.36116e-11
0.978675
1.48371e-08
0.976519
6.15787e-09
0.00147454
0.00212524
2.8868e-11
5.26492e-11
3.70004e-10
1.34552e-06
2.31672e-09
0.000135679
0.939503
4.34719e-12
1.59162e-12
0.979634
5.17431e-10
2.75346e-09
7.79152e-08
4.6095e-10
1.15463e-12
4.03806e-05
0.961477
7.76553e-08
4.2753e-09
9.9949e-07
0.0888524
1.19297e-07
0.000260892
0.000411058
8.03724e-11
4.24564e-08
7.31231e-11
0.970065
2.49052e-10
0.96742
1.27041e-07
6.1024e-06
1.87657e-06
1.06414e-09
0.00100169
2.83684e-08
2.34982e-05
1.19301e-10
7.35775e-05
5.23083e-09
0.881259
5.10614e-12
4.48676e-10
1.62121e-11
2.5685e-08
5.15166e-05
7.75767e-10
0.863205
0.000507187
0.969656
0.979326
3.40455e-08
7.45779e-11
5.92055e-11
7.26375e-12
6.3414e-06
4.21339e-05
7.91722e-12
0.973715
0.978639
2.42686e-07
2.09477e-12
1.68704e-05
0.000791844
1.21054e-06
0.979316
3.22529e-07
1.91538e-06
4.88157e-05
1.98781e-06
0.970356
6.61248e-05
0.0158321
0.000115346
3.69495e-08
7.27133e-07
3.15932e-10
4.07903e-07
2.72636e-06
2.0576e-09
1.37261e-11
0.00513707
0.000264996
0.00337726
2.88918e-11
2.5296e-09
5.89829e-09
8.8167e-09
1.5412e-07
1.14371e-10
1.86151e-08
2.13335e-05
0.979645
4.81431e-08
2.74085e-11
8.26823e-08
8.91926e-10
2.20174e-10
8.74615e-07
0.000205094
4.54793e-06
9.94487e-07
0.000713514
2.8002e-12
6.85711e-10
2.60254e-11
2.70133e-10
1.08276e-09
3.51669e-07
0.00239261
2.32321e-11
2.78546e-08
3.47263e-10
4.45494e-07
1.13264e-10
2.56617e-12
2.45111e-05
0.000226715
1.81168e-07
0.0137733
0.000532783
5.73142e-12
5.06462e-06
9.04818e-10
0.815954
2.42084e-07
0.00123228
0.976465
0.979351
2.69975e-09
7.16607e-05
7.94768e-09
1.26743e-10
1.68567e-07
5.60853e-10
1.30584e-12
6.34149e-05
3.38897e-09
0.97063
1.7741e-05
3.89805e-10
3.41863e-07
0.949414
9.6531e-06
9.45253e-05
2.36322e-12
4.83043e-09
5.02609e-08
8.61664e-11
2.61528e-08
1.49016e-11
5.18645e-11
1.90106e-11
3.44453e-07
1.43476e-07
2.49489e-10
2.36313e-09
1.91572e-10
0.97479
1.45541e-10
4.8723e-09
2.11281e-05
6.28821e-08
5.48682e-08
2.77967e-10
3.05386e-10
1.70619e-12
7.64361e-09
4.38172e-09
0.978472
4.36169e-10
1.49392e-12
1.11044e-07
1.75633e-11
1.38929e-07
5.03173e-07
3.70926e-10
6.5676e-09
1.12933e-07
5.90008e-10
2.74811e-11
2.09961e-07
2.27695e-08
0.979419
1.00736e-10
0.000168102
0.975723
0.00709314
0.00049437
1.16426e-07
4.85776e-11
1.95443e-10
0.0109226
7.14656e-10
2.09863e-05
2.63692e-05
0.979299
1.04312e-10
9.59506e-11
8.45832e-10
2.56532e-06
0.980198
5.17578e-07
0.000101012
0.000182828
1.25593e-07
1.48228e-07
1.24722e-12
6.83008e-06
2.39396e-07
2.11298e-12
6.28591e-08
1.13487e-12
1.73653e-09
1.68814e-09
3.80272e-07
2.8521e-06
9.06091e-11
0.953013
1.11632e-06
0.978534
1.53055e-12
1.60858e-11
4.33667e-07
1.4161e-10
0.976227
1.14929e-08
0.000525546
5.05688e-09
5.4883e-09
4.33316e-07
3.27704e-06
9.65561e-08
0.000940695
0.975507
1.81866e-09
4.14677e-06
5.38702e-12
5.27424e-08
1.41891e-09
2.96798e-11
5.72231e-12
1.07031e-07
1.4384e-11
0.970173
4.93906e-08
0.000410501
1.99452e-09
0.973339
2.3988e-07
1.98535e-10
5.39259e-07
2.83964e-10
0.000804529
1.14998e-09
2.53078e-05
0.97534
1.42642e-05
2.37259e-11
1.5923e-06
1.66235e-10
1.1483e-11
7.28071e-10
1.71364e-08
1.47349e-12
9.72044e-07
5.37338e-09
1.51434e-12
1.36076e-11
0.0829835
7.63032e-08
2.36742e-10
8.19855e-12
4.00313e-09
8.30281e-07
3.57745e-09
0.000184003
2.68991e-11
5.09215e-11
2.15694e-07
0.963745
4.73041e-10
1.29825e-08
1.09013e-05
1.09328e-10
0.00444386
0.000275514
2.64588e-12
1.19707e-07
3.72678e-05
3.72667e-06
1.22746e-12
7.09388e-12
1.05561e-09
0.0507089
1.04963e-06
4.7633e-12
2.49889e-12
3.65906e-05
0.980315
1.08253e-09
6.9655e-06
4.50973e-12
2.73947e-07
1.45827e-07
4.25572e-09
1.0949e-12
1.00833e-08
5.11536e-09
3.12492e-09
2.21916e-10
0.00904059
1.10503e-08
0.971878
1.70278e-08
1.21105e-10
3.49543e-12
1.30444e-09
3.84892e-12
0.975844
2.63789e-12
0.975028
3.57987e-09
2.31331e-11
0.000350887
2.27102e-10
1.02902e-07
1.46836e-11
0.114372
3.4493e-05
3.48189e-09
3.84885e-11
3.94599e-05
3.17218e-06
7.274e-06
6.0868e-11
4.43732e-05
2.33289e-11
9.9295e-11
1.13347e-11
2.79465e-12
0.978224
1.46416e-12
3.01566e-09
5.73726e-06
1.67572e-08
1.32054e-09
3.80852e-05
7.60057e-09
3.28712e-08
5.91382e-11
1.07311e-10
5.93736e-08
1.1029e-12
4.38461e-06
2.12599e-09
6.51192e-07
4.48595e-07
9.46353e-10
8.93818e-12
6.21853e-07
4.24495e-06
0.000222923
4.14213e-10
4.55079e-09
8.59224e-12
0.00731471
0.965272
2.94967e-09
2.59854e-08
3.85204e-09
4.56039e-08
0.000235449
0.966849
4.166e-12
0.000219264
6.45929e-06
7.60622e-09
4.10245e-05
3.55366e-09
1.14708e-11
8.71295e-05
2.68385e-12
2.16096e-08
0.000217084
0.0013861
0.408795
0.000135992
1.69823e-08
5.8103e-08
0.000501444
1.45987e-05
1.57671e-05
9.6844e-07
1.24907e-07
2.83454e-07
1.94636e-07
0.686256
5.74979e-07
0.98017
0.97267
3.04571e-10
6.3265e-05
4.99665e-09
0.0139189
6.19905e-09
6.60793e-10
7.15749e-05
5.97877e-08
7.19345e-11
1.80682e-11
5.62907e-11
2.52124e-09
6.38134e-12
1.27482e-05
6.98372e-08
0.974358
2.0337e-05
2.02692e-09
0.000725045
8.27959e-10
1.21698e-10
4.22773e-12
1.1493e-12
2.92433e-12
2.16916e-05
2.1052e-12
9.03504e-05
1.12681e-11
6.63757e-06
0.971334
4.8444e-06
4.38366e-05
0.974794
4.50839e-12
3.15947e-12
9.87155e-11
7.6148e-12
0.000713434
2.15978e-07
4.06939e-06
0.00352849
2.46114e-12
3.96904e-06
2.51111e-07
0.977079
1.98811e-09
1.59672e-12
2.79803e-08
6.29448e-11
0.000127061
2.97884e-07
0.916012
0.974863
1.02303e-07
6.9352e-08
4.718e-12
5.77691e-11
1.21102e-09
1.03402e-11
1.55108e-07
3.43547e-12
5.0866e-11
6.62523e-11
1.97541e-08
2.34631e-10
1.92606e-07
3.05102e-06
1.49391e-06
8.82405e-07
6.10637e-10
0.968012
7.02882e-07
1.42226e-07
1.04033e-10
0.0271376
4.26423e-11
2.31926e-12
2.11835e-10
1.74695e-09
1.10121e-05
0.334734
3.67371e-10
5.75366e-09
7.87232e-10
2.62634e-07
7.19705e-08
0.00147132
0.970976
1.30111e-11
6.45391e-08
1.07445e-10
0.00403614
4.1684e-11
0.977477
1.02322e-08
0.97837
1.72932e-10
2.59257e-07
8.95342e-05
1.50848e-07
9.39593e-10
4.93916e-12
2.72155e-07
7.48109e-08
0.971924
8.78142e-12
1.2661e-10
7.2441e-05
2.39986e-11
1.24289e-05
8.32778e-12
0.000632245
2.05658e-12
6.31296e-09
1.14626e-11
0.980168
6.20913e-07
2.0567e-05
2.79015e-08
0.858084
2.9342e-09
9.48885e-12
0.969127
0.945814
1.59193e-10
0.97958
1.61337e-08
6.10669e-11
9.66691e-09
9.51248e-08
0.967705
1.95e-12
4.83324e-12
9.44268e-07
2.06496e-05
1.50313e-11
0.00181492
5.67983e-06
3.70237e-09
2.26016e-09
3.94343e-07
5.55623e-10
0.000889538
8.55199e-08
2.02336e-08
5.1465e-10
0.000671208
5.85526e-06
5.38935e-06
1.9813e-12
5.08789e-11
5.50942e-07
1.29163e-12
1.02157e-08
1.42109e-09
1.4098e-09
1.64024e-11
0.000123606
2.56508e-05
2.43758e-09
0.00424589
0.00191458
4.33853e-08
0.971897
0.00130606
1.44173e-08
1.08913e-12
7.57823e-05
0.000260853
7.93654e-12
0.979175
0.00935948
0.977024
1.71848e-05
5.35594e-12
1.0897e-07
3.2586e-10
0.934557
1.73062e-12
5.14078e-07
0.976356
9.79428e-11
0.000281448
2.72995e-11
7.74003e-10
0.967185
1.01246e-11
3.69374e-09
6.38002e-10
4.10711e-09
5.91611e-11
0.00124336
8.1383e-09
1.95799e-12
6.42142e-11
1.28899e-07
7.69911e-05
8.20934e-05
5.89982e-08
8.68734e-11
1.88956e-06
7.12441e-09
3.88916e-11
2.92955e-09
2.26585e-07
2.84839e-11
0.000101018
3.94413e-10
1.00734e-05
7.51004e-11
3.5897e-08
1.16462e-12
3.29198e-08
9.84359e-05
3.01427e-08
4.85688e-10
0.980402
1.48526e-12
0.0614152
6.17684e-11
2.70092e-05
4.60844e-05
3.66437e-10
0.00236322
8.24406e-10
0.978535
3.55258e-11
2.38121e-12
5.09996e-11
1.99947e-11
8.54696e-06
0.000124258
2.65932e-06
2.59664e-09
1.5139e-12
0.00360414
0.00454018
5.23328e-11
6.72948e-10
0.000530253
1.11453e-05
0.974951
5.00181e-06
6.04856e-08
1.09868e-12
0.979053
5.65703e-12
6.18242e-05
3.65703e-06
4.47148e-05
1.32192e-10
1.22506e-07
4.77854e-09
1.40441e-09
2.23048e-11
3.3713e-12
1.46521e-06
0.980362
0.976416
0.00169425
0.00682398
2.51785e-07
0.975867
0.969808
1.65631e-07
9.07032e-08
4.23535e-08
4.73778e-09
8.07034e-09
7.42398e-09
0.000276345
1.8585e-05
9.77596e-12
0.9665
4.14868e-12
0.00014559
5.07412e-09
2.96669e-09
7.106e-10
0.9713
2.08409e-08
5.23082e-11
3.58768e-05
1.0328e-10
1.9309e-12
1.227e-07
0.977386
8.95874e-09
0.00107368
0.975108
2.00658e-07
1.63397e-10
1.63605e-11
2.96044e-06
5.05105e-10
6.29207e-10
6.49043e-10
5.00903e-08
1.71813e-10
1.82903e-10
2.3837e-09
1.65036e-05
1.82287e-06
1.35579e-10
5.25135e-10
5.20663e-09
4.99139e-08
4.30085e-11
7.28371e-08
2.18483e-10
6.29057e-06
0.972564
9.8231e-11
4.34221e-10
1.94934e-07
1.01688e-11
0.975814
2.10068e-11
2.13429e-12
3.8045e-09
5.3032e-09
8.40485e-11
9.60698e-12
1.22657e-09
3.8618e-12
4.23634e-05
0.0016124
1.23479e-12
3.18125e-06
1.77693e-05
1.30619e-10
0.977131
1.19153e-07
1.64612e-09
2.84512e-05
1.14249e-11
2.51539e-08
1.53548e-11
2.44963e-07
3.69063e-06
6.10324e-10
2.16208e-07
8.30891e-12
2.52491e-05
1.2104e-10
2.77826e-08
0.000695481
5.73575e-11
4.92189e-11
1.50382e-06
0.249485
1.15765e-07
6.96625e-10
5.27351e-09
4.00717e-11
0.00135773
2.90688e-08
0.00171675
0.00125337
0.000569135
8.05663e-06
1.6447e-10
1.75815e-12
2.19469e-12
1.85243e-05
2.09578e-05
6.99849e-10
1.95137e-06
4.58218e-08
1.88012e-11
0.956989
5.53188e-07
0.978512
6.05267e-05
4.96621e-07
2.97449e-06
3.06803e-10
3.85423e-10
2.41109e-10
0.0166477
5.42424e-10
6.51656e-10
0.000394149
1.12253e-08
0.0114698
1.16983e-06
2.53642e-05
8.8124e-11
5.23466e-11
2.54809e-08
1.52646e-07
0.00478034
1.86818e-05
5.25034e-07
0.962238
6.47072e-09
7.00448e-07
1.29385e-12
1.30466e-10
2.54561e-10
5.13262e-07
1.84015e-08
4.88699e-10
0.000558498
0.000144224
3.27949e-05
3.50861e-07
1.92796e-05
5.98388e-12
3.38079e-05
1.07336e-11
6.61288e-06
1.17417e-12
1.36644e-07
0.000246523
1.90179e-07
0.000209108
1.50714e-08
1.10281e-08
1.1525e-11
4.52122e-07
0.000144005
1.81298e-10
0.0911459
8.56421e-08
1.18687e-11
9.47919e-07
4.39085e-09
0.980401
7.25559e-08
3.48499e-12
6.01712e-09
1.52217e-06
0.000127327
5.63397e-05
6.52201e-08
1.01203e-05
1.64409e-09
5.52713e-12
0.00412725
7.01738e-09
7.30996e-09
1.72284e-12
2.87259e-12
4.33038e-09
0.940892
7.4574e-10
6.97273e-06
1.23546e-11
1.02459e-06
0.573634
6.60091e-10
1.03559e-11
0.000476717
1.02262e-05
1.40139e-05
8.88317e-08
1.06517e-11
0.979921
0.000188059
1.30243e-10
1.72066e-10
0.940919
3.36137e-06
0.0164005
0.00241642
0.00176292
1.5772e-07
1.99861e-07
0.962994
1.14666e-06
0.00387477
3.24689e-05
6.02702e-11
9.47921e-05
1.06393e-08
0.000257586
2.8799e-08
2.94371e-05
2.26457e-07
2.31578e-05
2.56966e-10
9.17157e-08
1.21604e-07
4.5882e-05
2.14669e-06
8.23848e-11
3.4612e-09
1.68391e-07
1.95645e-09
0.00347902
9.48949e-09
1.62072e-06
9.39551e-08
1.39879e-08
3.55103e-06
0.00060473
2.96997e-08
0.968788
2.07671e-09
3.56772e-11
1.96159e-11
0.005007
1.24301e-12
5.95237e-08
9.99432e-11
9.39027e-12
3.52074e-12
4.75531e-11
4.33843e-08
3.33771e-08
4.52838e-12
2.39464e-10
0.980069
3.08487e-12
2.74267e-08
9.07176e-10
3.73792e-09
0.00374847
1.82318e-09
0.974846
4.89258e-09
2.83498e-11
2.15624e-05
3.78198e-08
1.79601e-11
3.67366e-11
4.84466e-11
2.00941e-08
2.56047e-08
0.000376116
6.05691e-07
1.98732e-10
4.99166e-09
0.974161
0.000161747
2.46225e-12
4.95313e-10
0.965852
9.43702e-05
4.63202e-05
1.54328e-10
2.51248e-07
2.82688e-07
1.39383e-05
0.897433
0.00553472
9.26268e-10
0.000101909
1.58433e-06
3.30222e-05
1.07883e-07
1.6902e-11
0.000944878
7.77199e-07
1.90295e-05
4.6548e-05
0.000128269
3.00185e-10
4.58552e-05
0.000287325
0.000459594
7.41505e-10
0.000827457
0.00559158
0.00176152
0.00293979
1.7959e-12
2.12169e-05
0.976678
0.950013
9.64111e-11
1.56618e-07
1.15007e-10
2.47138e-08
0.000159639
2.35101e-12
0.000186245
1.16065e-08
3.31411e-05
5.43023e-10
2.04032e-11
2.39665e-06
5.19953e-07
4.19255e-08
9.05636e-09
8.85381e-05
2.85169e-10
5.8745e-06
5.4174e-11
4.24551e-05
0.00248803
2.91445e-06
4.45977e-12
7.14873e-11
0.977644
3.02105e-11
1.10191e-05
3.40008e-11
0.968984
1.46572e-12
3.57914e-12
1.24411e-06
8.44744e-06
0.00478074
0.978441
8.10214e-11
2.60298e-11
3.66161e-07
2.79711e-07
2.22979e-07
5.25509e-11
4.57182e-09
1.0114e-08
5.78162e-06
1.17999e-06
2.86738e-05
1.59909e-08
4.07425e-06
7.26907e-12
6.87881e-11
1.49096e-05
4.21316e-08
8.77765e-12
4.29293e-10
5.61555e-05
2.77871e-09
2.62667e-05
2.51976e-12
1.19578e-11
2.81646e-10
5.49114e-10
0.980093
8.34941e-09
2.32276e-10
0.973704
0.977446
0.00192064
0.97636
2.65565e-12
0.97951
1.24471e-07
9.90901e-11
0.000234986
4.62341e-08
1.8307e-09
3.2028e-07
7.97749e-11
1.32812e-08
2.67202e-08
5.23641e-05
0.0602077
8.94063e-12
4.9902e-08
2.02955e-08
4.60876e-12
1.68212e-11
3.10143e-11
9.13913e-12
4.49263e-12
1.58007e-11
1.88728e-05
3.60947e-10
0.00590158
1.16935e-05
2.21474e-06
7.70162e-12
9.72641e-10
2.80536e-06
3.97458e-11
0.0372452
4.16418e-06
3.27212e-11
9.83281e-06
3.21321e-12
3.34321e-09
0.00507801
0.000483048
0.911255
1.76327e-07
3.74832e-05
0.97644
2.44487e-07
3.55716e-05
1.02845e-10
0.97923
4.61201e-09
9.38871e-06
8.38853e-11
2.02058e-10
6.98597e-06
5.50405e-06
2.38353e-10
0.000549741
4.54167e-07
3.08964e-11
3.95877e-11
2.68366e-05
1.42526e-09
3.16045e-06
1.90096e-08
3.30869e-11
7.16296e-06
4.38204e-10
0.000136733
1.42629e-10
7.6088e-12
8.39904e-05
1.04541e-10
0.3153
5.04579e-10
5.69264e-08
3.51607e-07
9.10601e-08
3.86334e-07
4.35896e-12
0.978166
8.06955e-12
1.88397e-05
7.52609e-06
5.92403e-05
1.51311e-10
1.16429e-11
5.2281e-08
5.89329e-12
1.87632e-11
2.77405e-10
6.5091e-08
2.02456e-10
1.01471e-06
5.69139e-07
6.43285e-12
2.39506e-11
0.951241
2.94675e-12
1.10045e-12
3.73774e-08
2.77253e-06
1.24877e-08
2.52233e-06
1.10025e-07
2.80953e-12
0.00220669
0.00272878
3.08036e-11
1.1704e-12
3.27638e-11
3.83093e-05
1.11413e-11
8.58491e-10
4.11136e-07
2.57652e-05
1.26319e-05
6.24451e-08
2.81834e-09
6.34339e-06
8.16011e-09
1.27697e-08
1.72081e-09
7.39521e-10
3.4226e-12
1.04705e-11
5.60576e-11
6.48455e-08
8.90953e-07
2.20852e-11
1.15438e-06
8.86982e-09
2.05857e-09
1.29052e-11
0.967831
2.11996e-05
2.94368e-08
1.56697e-05
2.07495e-10
0.000490483
0.00693601
0.97592
0.979473
1.63526e-10
3.82267e-06
3.06375e-11
1.22476e-06
2.12752e-08
0.975627
1.47627e-06
6.13145e-06
1.26255e-12
9.23832e-09
8.0927e-11
2.90196e-07
5.48948e-10
0.975646
7.3984e-10
6.6531e-05
7.53908e-12
3.62619e-09
2.29852e-10
1.34598e-10
0.975575
3.38e-10
0.000171523
0.000228337
1.67193e-11
1.15461e-11
6.13032e-05
1.84647e-07
1.07196e-07
0.972833
9.30256e-07
1.62826e-06
0.00582767
5.5287e-10
1.0838e-12
4.55487e-10
2.53289e-10
1.97624e-11
3.67186e-09
0.000253153
4.58134e-09
3.89792e-10
7.72142e-11
0.976714
1.60748e-08
8.52494e-09
5.15165e-10
2.18231e-06
2.6232e-06
0.951637
0.979519
1.27778e-11
0.000119825
0.956636
3.84246e-09
3.32449e-10
1.70952e-12
0.0189597
1.5064e-05
0.919087
0.22861
0.00750455
8.64914e-10
1.90678e-05
0.00210807
6.55686e-07
0.193832
2.10373e-05
6.99971e-08
0.0509532
3.0096e-08
2.47518e-05
8.71201e-07
0.97833
4.19992e-08
6.38345e-11
7.82802e-10
1.1083e-05
9.92805e-06
0.00325528
1.87457e-07
4.62763e-06
3.84515e-12
8.02958e-09
1.84789e-10
1.57415e-09
0.00022741
9.21421e-11
4.46791e-08
1.82587e-12
6.08495e-11
5.83669e-11
0.00165519
0.968212
0.00341146
6.54151e-07
1.5875e-07
2.03637e-12
2.73882e-07
3.99425e-08
3.75562e-11
0.721445
0.00478946
0.979406
6.8258e-07
0.00515564
1.08336e-12
0.979989
8.07132e-12
2.17166e-08
3.7581e-11
2.80287e-07
1.93737e-10
0.00200627
5.82765e-11
6.60096e-08
9.84766e-11
1.10559e-05
2.67355e-09
2.93818e-05
4.45344e-06
2.29665e-11
3.2103e-05
0.000137044
4.49107e-12
3.11176e-11
7.54492e-07
2.9315e-06
1.89253e-05
1.44228e-08
1.54523e-05
3.45972e-09
1.75834e-07
0.00241641
0.972233
1.6152e-10
2.81879e-11
2.30139e-07
1.53788e-12
2.19647e-12
2.16418e-07
1.006e-07
8.14354e-08
0.970753
2.50915e-06
2.74391e-10
3.78713e-10
2.16243e-10
0.973097
1.57274e-12
4.27701e-05
6.58889e-08
9.96869e-12
1.95935e-06
6.54917e-06
8.92177e-11
2.02238e-12
1.35507e-05
8.44407e-11
4.64753e-05
5.94524e-12
7.00441e-08
1.5793e-06
1.81157e-07
0.979634
4.46422e-08
4.19805e-06
7.45773e-10
5.53894e-09
1.81903e-11
2.80026e-10
0.242269
4.78551e-06
4.94071e-10
3.33399e-06
1.31437e-11
9.68966e-05
8.44319e-08
4.58069e-11
8.97058e-06
0.000150897
8.28363e-05
2.83755e-08
0.00121123
6.50402e-10
3.11448e-10
7.96459e-07
5.32885e-12
2.01577e-08
0.970558
4.92839e-11
1.41265e-12
1.15934e-07
0.0605309
4.17158e-05
0.973659
1.30336e-11
3.63057e-08
2.24648e-07
8.21188e-12
0.0293211
0.980317
1.25171e-06
3.38676e-10
2.59062e-09
3.53582e-11
1.27383e-11
9.22229e-05
2.48796e-09
2.83205e-05
4.62613e-08
1.73407e-07
0.965478
3.82334e-09
0.0120184
8.05452e-06
2.90654e-06
0.979175
4.20215e-07
1.0876e-09
2.05147e-07
0.00357429
1.88556e-09
0.000800749
3.68075e-08
4.38787e-11
7.81264e-12
9.29303e-07
3.39631e-07
4.7017e-06
2.78449e-09
6.01702e-08
0.000995766
6.40243e-12
0.000292193
7.08307e-09
9.98757e-12
0.978317
0.000447212
1.04168e-11
4.14535e-12
4.15438e-10
6.29431e-08
7.14681e-06
2.7347e-12
0.969619
0.974939
9.09702e-10
0.903408
4.06726e-07
1.69309e-12
3.69971e-12
4.24305e-12
7.373e-09
7.25425e-07
4.85292e-10
5.26224e-12
0.382122
3.8941e-05
0.000758458
1.49255e-09
4.11984e-11
3.25444e-05
0.979082
1.34004e-06
2.33958e-10
1.26791e-10
0.0027976
1.14656e-08
1.26488e-11
1.91043e-11
8.55325e-11
2.35372e-10
1.14486e-12
0.00031859
1.39466e-08
1.81951e-09
6.69107e-10
8.78703e-10
9.96314e-12
5.50265e-07
1.70783e-07
5.64305e-10
7.2379e-11
3.09018e-08
0.0130006
0.0765389
0.000471113
0.0113955
1.67543e-08
4.51595e-07
3.07065e-05
9.83441e-10
0.0471487
0.0161336
1.33962e-08
0.0542434
2.10644e-08
0.980324
0.000177539
5.20977e-11
6.29407e-10
1.61699e-09
0.000129731
1.16107e-11
1.4297e-06
1.80811e-12
8.73813e-10
9.111e-11
8.41096e-11
3.18821e-06
1.03008e-10
7.43184e-10
1.22464e-09
0.901564
4.00341e-10
8.65785e-06
0.000197139
1.10556e-12
0.00104566
4.32037e-11
3.91283e-08
0.630463
4.54047e-09
0.000143834
1.32203e-10
5.79201e-11
4.71803e-11
1.74515e-10
0.0259922
3.58135e-07
0.980228
1.59153e-08
0.673736
0.000549267
3.45764e-10
0.00178677
4.26151e-07
2.55789e-07
0.965551
2.16941e-08
1.38574e-08
0.00460897
6.09532e-09
4.23906e-08
6.43588e-08
8.83692e-06
5.30136e-05
1.22929e-07
0.00104876
2.2833e-07
8.04335e-05
7.86894e-05
4.2137e-07
5.07594e-12
0.459119
9.07929e-07
2.03917e-08
5.27711e-12
4.89115e-07
3.30908e-10
2.32407e-05
8.83202e-11
3.93617e-05
8.82075e-08
5.12439e-11
0.0002285
2.86693e-08
0.951339
1.92184e-10
4.03732e-08
1.59516e-07
7.76297e-07
2.57603e-11
3.61531e-07
1.33876e-10
0.00447783
6.89008e-10
7.44373e-07
2.09055e-12
0.961383
8.7744e-10
5.59617e-07
6.34922e-08
2.45128e-10
1.09273e-07
2.86833e-11
1.13302e-09
0.978522
7.03241e-10
1.87963e-11
1.80164e-08
2.16271e-12
1.47669e-05
3.55168e-10
4.76045e-09
0.538241
3.20764e-06
0.898597
7.38074e-11
3.2485e-07
3.5372e-08
6.81219e-05
4.77234e-06
1.1169e-07
5.92616e-10
5.79048e-12
5.84335e-11
7.86387e-07
0.00694599
3.61702e-09
3.15803e-09
0.000221921
1.57627e-10
2.52726e-05
1.35431e-10
4.61035e-08
9.21905e-11
0.000202588
0.977925
2.82806e-10
2.75713e-12
3.57843e-10
4.97001e-10
2.0655e-06
1.95067e-10
9.93347e-10
1.58527e-10
2.07535e-10
9.15641e-09
2.02748e-06
8.46605e-08
0.0388177
0.967745
4.95067e-05
5.4183e-05
1.01724e-10
0.000403073
2.13723e-06
6.83496e-09
0.00369674
0.979845
8.7188e-12
0.000607766
4.52618e-06
2.2522e-12
0.000172936
2.13422e-07
1.44829e-09
0.00917119
0.973785
1.24432e-08
0.978217
3.82876e-11
1.5973e-06
0.0981946
1.06225e-05
8.64739e-08
0.977044
0.014088
0.974806
2.95184e-05
1.82276e-12
1.89547e-07
2.53323e-09
0.00201779
3.41588e-09
2.08634e-06
9.32162e-10
1.4242e-06
0.00352912
0.197943
4.11075e-09
4.62723e-08
3.45171e-11
1.39804e-05
0.000980017
5.86061e-06
5.83158e-09
0.979913
5.61462e-12
1.43367e-10
2.24177e-09
9.91193e-08
5.03662e-06
3.02233e-06
1.59489e-09
9.88074e-07
0.978841
3.66804e-11
1.67877e-08
1.65263e-07
3.43984e-07
4.97139e-08
9.91789e-09
5.7453e-06
6.83256e-10
0.730935
1.50608e-11
0.00653843
1.14977e-11
0.282889
0.957579
1.29416e-10
6.47733e-10
3.07433e-10
0.00138649
0.00153774
8.54139e-12
0.932825
3.3704e-05
2.05249e-08
4.13227e-09
5.26609e-08
1.95953e-08
8.23013e-11
2.87479e-11
0.00305498
0.956603
5.25456e-10
3.75524e-11
1.70822e-05
6.06124e-07
0.000157462
9.93362e-09
0.000157188
8.05458e-09
0.833587
5.21526e-10
8.30371e-07
0.979103
2.23978e-09
1.25658e-07
0.971475
0.0050433
1.14791e-10
7.16869e-11
0.0002958
1.58249e-08
9.83902e-12
7.25861e-09
4.87637e-07
3.19465e-09
0.979208
0.773433
6.35722e-09
1.04534e-10
0.000231151
1.08708e-06
1.49787e-06
0.000908137
5.7592e-09
3.08088e-06
1.14153e-12
2.34701e-12
0.000113743
2.12763e-11
2.15967e-09
5.7455e-09
0.00198539
1.04662e-10
4.49996e-11
2.25759e-07
7.54419e-08
4.02757e-05
2.32711e-08
4.46817e-10
4.94833e-08
0.00196433
0.000100733
1.0116e-05
1.30052e-12
0.934649
6.4484e-12
1.10522e-10
1.61523e-07
2.30906e-10
1.2676e-08
1.58992e-09
1.66121e-06
2.22034e-08
6.63789e-06
0.76967
8.01541e-11
1.2975e-10
0.000269676
1.85403e-05
8.40455e-10
6.78568e-08
0.95844
0.00787135
2.59326e-12
0.960657
0.978155
6.63025e-12
0.000838853
5.41229e-10
9.94511e-07
0.0107307
1.72764e-11
2.39701e-08
5.61721e-06
2.27391e-11
0.812546
2.20756e-08
1.47682e-12
2.23555e-12
4.15556e-11
0.980116
3.59224e-12
1.83046e-08
0.00163938
2.61265e-07
0.974325
2.04047e-06
3.68467e-07
5.67367e-08
0.00379182
1.35758e-12
0.000541721
4.15664e-10
9.73434e-07
6.92432e-07
2.32658e-12
8.40039e-11
6.84982e-10
3.73399e-06
0.751788
1.87025e-10
2.04348e-07
0.900536
4.82498e-05
1.28539e-05
1.34718e-06
5.36508e-07
1.88037e-06
1.90067e-07
2.72338e-12
0.977197
3.1887e-08
0.000622465
1.56193e-09
0.975736
0.000287052
3.87055e-05
3.21088e-10
5.34011e-11
0.0142335
4.06368e-11
8.16411e-07
1.29907e-07
0.869833
0.00920714
3.60835e-07
0.811774
0.000240403
0.177051
1.50502e-12
0.000316067
0.000404963
0.977716
1.99242e-09
2.95373e-06
2.53984e-05
0.974838
0.000342327
7.62727e-10
7.52305e-11
7.68358e-10
0.0017488
1.20928e-11
6.03601e-09
2.46158e-05
2.72598e-06
8.84298e-06
2.03651e-06
4.06986e-06
0.965102
8.89279e-09
5.82465e-08
1.6156e-06
4.1208e-08
1.55775e-09
5.19851e-12
1.88716e-12
0.616838
0.905963
1.31051e-11
3.47224e-06
0.979572
0.00950639
2.26604e-09
9.69477e-10
8.0508e-07
0.0648897
9.42953e-06
8.95607e-10
5.83289e-12
4.03327e-05
2.40763e-12
1.02477e-07
9.56083e-09
3.67455e-09
2.7509e-09
1.57839e-06
4.03715e-07
0.909662
6.48774e-09
6.04099e-10
3.47138e-10
1.19737e-09
6.61843e-05
3.79828e-09
1.63572e-09
2.71306e-05
2.74102e-06
1.82173e-09
1.0495e-09
6.21671e-09
5.35771e-12
8.75482e-09
0.97255
1.88232e-10
1.61053e-11
0.000284068
0.0241194
1.0182e-10
0.106523
0.0220017
6.95994e-10
0.000780422
1.40866e-05
0.00358048
4.48647e-10
2.27487e-11
7.9864e-10
3.85538e-11
4.99674e-06
1.78798e-05
2.86026e-07
4.59641e-09
4.43414e-11
1.17668e-08
0.132531
8.43637e-09
0.0122258
4.8803e-09
5.57044e-09
2.82256e-06
2.21594e-05
1.22768e-08
1.03116e-07
3.52007e-12
6.76329e-10
0.00156317
1.8083e-10
0.0508381
5.73773e-08
4.05676e-06
1.5848e-11
1.36284e-05
5.98543e-12
6.20991e-06
1.22147e-12
2.24153e-08
6.96621e-06
1.58159e-07
0.00091507
4.94664e-11
1.06446e-05
0.000467674
2.70198e-09
0.000209704
0.000133388
2.23557e-11
1.37067e-08
0.00082313
0.00260401
7.37714e-11
3.46127e-07
0.973407
0.0343655
5.30692e-09
4.83616e-07
2.64003e-06
1.47121e-09
0.00693693
3.11418e-05
4.63845e-11
2.11491e-08
2.9621e-08
8.34954e-12
8.60274e-09
0.134887
0.523961
4.57976e-05
4.18171e-09
0.000268072
2.64138e-05
1.61058e-05
1.34922e-07
0.0282829
4.37514e-05
0.000157788
1.38352e-10
3.3869e-10
3.97753e-11
5.45293e-08
4.63746e-05
2.23279e-08
0.975816
4.80729e-11
0.00759371
0.000130094
0.0133555
2.58482e-12
1.27143e-11
1.01219e-11
8.71549e-09
6.78259e-05
3.07847e-10
1.80631e-10
3.30202e-07
1.70636e-10
8.03907e-07
4.53247e-09
0.000169447
0.925887
6.12371e-05
0.000100693
0.948247
1.96796e-07
0.953099
0.110814
6.50356e-06
1.45391e-08
1.0185e-11
2.64756e-07
5.33006e-06
1.97606e-11
3.83396e-07
3.6633e-10
0.000217344
3.065e-05
4.42713e-10
4.64494e-08
2.96255e-06
0.00575779
6.97505e-07
0.0184664
0.940986
2.07878e-11
0.0255953
1.51723e-08
1.25138e-11
0.964239
5.05095e-09
4.55906e-10
1.22499e-05
0.917551
0.272206
0.955407
0.00950806
7.76021e-05
1.55749e-11
7.20144e-09
1.19418e-11
0.977696
3.44242e-11
0.00653461
1.17272e-08
0.976842
4.40374e-09
0.137155
0.0117274
4.38583e-12
0.951116
0.979507
1.15457e-11
1.44123e-08
1.01013e-11
7.13994e-07
4.55743e-05
0.0213333
4.35229e-07
0.980073
1.1362e-10
6.93556e-12
