0.981877
4.57541e-06
3.61215e-09
8.47432e-09
0.0198034
1.32348e-06
4.45315e-05
6.46317e-05
0.00291886
0.100532
0.000117912
0.00557656
0.00106188
4.34322e-05
0.00464425
6.56989e-06
7.51927e-05
3.69056e-10
6.48058e-06
1.3533e-05
2.22451e-10
0.0217285
0.00132179
2.16954e-08
1.28991e-09
1.02717e-05
9.21649e-07
0.000261883
0.000549845
4.04433e-06
0.986185
2.98057e-11
6.34052e-08
1.03486e-05
3.52676e-09
0.985629
9.69969e-05
2.21277e-07
0.049448
4.20951e-08
1.69297e-07
1.48323e-05
0.043901
1.01431e-09
1.41735e-05
2.84982e-08
3.28854e-07
0.000132633
0.984116
1.34629e-10
7.83337e-06
2.49055e-07
0.000606115
6.84732e-08
3.22849e-08
2.48774e-09
9.40363e-06
0.983135
0.0692528
6.71346e-09
0.000304774
0.0164975
2.37523e-07
7.7733e-05
6.07491e-08
1.66954e-05
2.45799e-11
6.05231e-07
7.90554e-07
0.00355733
2.14787e-09
0.980065
2.65046e-05
0.000464958
1.19946e-09
0.984266
2.13984e-11
1.56035e-07
0.000749407
0.283813
1.77227e-11
0.982955
3.87107e-06
3.3811e-06
4.63298e-07
2.93895e-08
6.69885e-06
1.03872e-07
4.40212e-08
1.42841e-09
0.00153319
4.58292e-06
0.00221754
5.92385e-08
1.17005e-07
0.000154797
2.56252e-08
2.45902e-07
1.435e-05
0.0459719
3.54856e-09
1.84767e-05
0.00153166
0.985278
5.18035e-07
1.61203e-08
0.00186499
0.153229
0.000280107
0.979143
0.026772
1.09179e-08
0.000163984
6.73704e-10
7.7546e-11
0.000289392
3.87749e-07
1.31855e-07
2.65299e-06
0.515968
8.44822e-06
3.2456e-06
0.0152252
7.14277e-05
0.0048732
7.67698e-07
0.00116007
0.000425949
4.66357e-09
0.0663947
8.36175e-10
2.52626e-06
0.000315179
0.973493
0.983017
0.00944765
1.69371e-06
3.34877e-08
3.33999e-07
0.00338431
0.000106018
0.0661082
0.0183462
1.61511e-10
1.00275e-08
1.21739e-05
5.7878e-05
0.000733656
2.94093e-09
1.69789e-05
7.64786e-08
7.71352e-09
3.89434e-07
0.128866
0.0130356
0.967189
9.04839e-09
0.00264007
6.53678e-06
1.25824e-07
0.982146
0.00476568
0.00124796
0.0106587
0.972011
0.982242
1.99255e-05
6.32725e-09
2.06121e-08
0.985493
3.76414e-05
1.60297e-09
0.0300764
0.00192588
2.08074e-10
0.00506659
5.52493e-08
1.70389e-07
0.000100855
8.77016e-08
0.000267001
2.62144e-07
4.97249e-05
0.015255
0.000397953
1.89895e-11
3.94165e-08
0.987232
0.00166641
0.98769
0.0014492
0.0051055
4.13067e-07
0.000921148
0.0613322
0.000420507
1.54379e-05
0.00139593
0.00196091
0.000333542
1.38883e-06
0.184956
4.27131e-10
0.00128859
0.000594231
1.12373e-05
2.70499e-09
2.38308e-05
0.000339806
1.22788e-06
7.05608e-08
2.60559e-06
0.00383615
3.6228e-09
0.982754
6.07621e-09
8.35957e-06
0.002236
5.68504e-07
1.33906e-06
9.46134e-09
0.00013319
1.06274e-06
1.1993e-06
0.985044
2.02739e-06
0.000852237
0.985112
0.000797939
0.113
2.29603e-07
0.987414
3.91289e-09
3.83519e-06
1.37923e-09
3.97386e-06
2.52036e-09
8.06006e-06
3.87416e-07
8.04288e-05
3.13652e-08
0.0263045
0.000467177
5.56226e-06
0.908935
3.35608e-09
1.38327e-05
6.52912e-07
1.51585e-09
0.000452523
0.000299835
2.44902e-06
0.000921183
2.63353e-09
0.00178546
0.0639547
6.46005e-10
0.000589803
3.37631e-09
0.000216708
1.20176e-08
9.88262e-06
2.56251e-08
0.983235
3.58171e-06
0.00140948
0.98663
2.56118e-07
2.5025e-05
1.29381e-07
4.45671e-09
0.00303916
0.0322937
0.986977
0.984604
3.36815e-11
1.87892e-11
4.51224e-06
4.95384e-06
0.000180058
1.04792e-06
0.982956
0.00736588
2.28929e-06
7.70428e-05
5.17046e-10
7.71652e-11
1.35798e-10
1.98472e-09
0.000437198
1.44872e-07
2.76644e-07
0.000248727
0.00281115
0.981024
6.45544e-06
2.20427e-10
7.18823e-06
4.89326e-11
4.35524e-10
3.46088e-05
4.70683e-05
0.987742
0.00334962
1.16744e-08
0.00014797
0.000202599
7.90652e-09
9.05148e-08
3.93369e-10
8.30761e-07
0.00186144
8.15999e-07
0.000245926
4.61524e-09
0.980145
0.978239
0.000433421
5.12209e-10
0.0120418
4.59384e-09
0.0168639
4.03815e-06
8.20648e-11
5.10922e-06
0.980673
9.18743e-06
3.96976e-09
0.987582
4.97363e-05
8.45499e-07
1.27766e-09
0.000189425
0.0157081
1.85174e-05
1.57036e-08
2.47238e-10
0.00198526
1.31578e-06
0.000182775
0.0191231
1.08254e-07
0.00394932
9.44574e-10
0.00115168
4.07868e-06
8.78981e-11
0.00818144
0.000148363
1.26826e-05
1.53835e-08
7.1792e-06
6.79556e-10
7.83489e-10
0.0129965
0.00172973
1.46571e-08
0.00156586
1.18466e-05
2.10181e-05
5.18265e-08
1.25655e-06
4.12885e-06
1.55891e-07
9.57606e-08
0.00022586
1.44619e-10
0.00517399
0.00482089
2.72157e-10
1.1429e-10
2.32649e-07
1.63459e-06
1.90112e-05
3.84938e-07
6.10218e-08
0.985185
7.53852e-06
3.6448e-09
0.983782
2.00617e-09
3.85404e-09
2.15562e-06
0.00013568
5.43211e-07
7.31301e-06
0.0120029
4.39528e-08
1.49073e-07
9.33833e-06
1.4099e-10
1.27178e-06
2.1396e-06
2.0724e-09
0.0049337
3.42583e-10
6.32609e-05
1.66929e-11
2.73102e-06
5.56477e-11
0.000155505
9.31614e-08
0.000894677
6.50984e-08
0.971673
9.33266e-07
0.986696
1.15593e-07
0.986254
5.37995e-06
1.10185e-07
1.613e-06
4.83345e-05
0.979466
0.0405638
0.0256795
0.000681207
0.0100762
1.69698e-05
3.18478e-09
2.10855e-06
5.04143e-07
0.000160395
0.000186864
0.000347491
0.000407271
1.27851e-06
8.01911e-09
0.98712
0.986958
8.21464e-06
0.978771
9.90961e-09
4.83023e-05
0.00747147
4.13609e-08
5.03875e-05
2.34407e-07
2.15674e-07
3.91801e-08
5.5012e-07
0.00714463
0.00105498
0.00133828
3.302e-11
0.0995497
5.54077e-11
4.91515e-07
4.47325e-08
2.91646e-05
3.07284e-05
0.00983214
1.12901e-06
0.00010083
6.01922e-07
0.986827
5.49454e-07
8.40259e-06
0.40574
8.79201e-11
1.39695e-06
5.11093e-11
4.7625e-06
3.33513e-05
1.67921e-08
7.61833e-07
1.44233e-06
1.95778e-05
6.71648e-10
0.000607052
0.971774
5.14415e-05
1.24489e-07
0.00392047
1.57469e-06
0.000236957
0.985784
9.0161e-08
0.0250567
0.0557623
0.987558
0.000569493
1.09821e-09
3.18117e-07
0.00238261
5.1827e-09
3.2434e-07
0.00931448
5.79256e-07
4.99489e-05
3.76025e-07
0.000243977
6.25225e-05
1.76031e-06
2.64806e-11
0.000319732
1.96922e-09
0.000106918
3.37014e-10
5.57654e-07
0.0411959
7.15027e-06
3.2427e-05
0.987454
9.07252e-06
0.000122925
1.33638e-05
1.00372e-07
1.18817e-07
8.88496e-06
0.000329194
1.76446e-11
0.0124901
0.000978072
1.10092e-05
1.67119e-08
0.0249609
3.21362e-06
2.27729e-11
7.56402e-11
1.8382e-06
1.30837e-05
1.94833e-09
0.964752
2.2608e-09
4.24537e-07
5.15773e-09
2.27951e-06
2.74765e-06
4.55434e-09
0.955848
4.57353e-06
1.20013e-09
4.13038e-10
0.987597
0.984214
9.23862e-05
9.21902e-06
1.39663e-06
0.000615152
0.000556837
2.55773e-08
1.38868e-06
1.95104e-11
0.00115318
1.27215e-06
0.0258853
0.000101746
5.45262e-09
4.32931e-07
0.00670395
4.35752e-08
0.0258093
1.05465e-09
0.000234329
0.00134842
3.25732e-06
3.68952e-10
0.00484202
4.0492e-08
0.000168813
4.07403e-11
0.00153153
5.81849e-06
0.000548759
4.17106e-05
1.11915e-06
0.000100604
0.986793
6.89046e-07
4.84736e-10
3.04696e-06
1.59257e-07
8.59972e-09
3.42261e-05
0.00844115
0.986804
1.72968e-06
0.0198144
0.984916
0.000352836
0.00886642
0.0011447
1.93501e-06
2.4667e-07
1.18608e-09
5.30696e-05
0.000170363
5.90385e-06
4.78382e-11
0.0119076
9.04685e-08
0.0012229
1.6242e-07
1.27637e-09
2.86586e-06
0.000534583
0.798126
0.000261458
3.35707e-07
6.3113e-07
4.46264e-08
2.97792e-08
2.47264e-10
1.66472e-10
0.986816
2.19575e-07
3.73203e-05
3.57137e-05
1.40624e-10
2.50948e-07
1.50246e-06
0.00074112
0.0379873
0.000249524
1.74391e-05
2.14176e-07
0.000254035
8.15679e-06
0.000130523
6.94914e-08
0.986833
5.14026e-05
8.34688e-06
0.00638604
0.000933142
2.06297e-10
0.981604
3.60416e-07
0.0248033
3.9429e-08
0.000132115
0.0081356
0.000310454
0.276269
2.44677e-05
0.00115677
4.1321e-08
1.72265e-07
0.828908
0.00794215
1.19468e-09
0.0383676
6.41461e-08
1.16061e-06
6.4959e-09
6.01142e-05
1.82478e-05
0.0061814
0.00630132
0.000190588
0.00594274
0.00032957
0.00172875
0.0270161
0.00117814
0.000106973
4.37844e-08
1.59281e-11
0.000101648
1.79852e-07
2.08245e-07
1.96817e-05
0.0969933
1.41748e-10
0.000152487
2.23828e-10
3.22406e-09
0.984096
4.02072e-05
0.976814
0.00697105
0.0257968
1.26679e-10
0.059466
0.00105326
1.19316e-05
1.81268e-08
0.000315651
0.979718
9.00459e-06
2.75226e-06
0.0090407
0.00398018
6.53138e-09
1.50933e-09
8.0767e-05
0.98571
0.987363
1.8335e-05
0.980751
0.00337727
3.06204e-05
0.000651748
0.000924202
0.283195
2.94696e-06
0.0160387
2.689e-05
5.1831e-05
1.53208e-05
1.66719e-09
1.50246e-05
0.00137526
2.6865e-10
1.17401e-07
0.945871
0.985685
0.987364
0.00119039
0.0283657
1.9168e-07
2.84554e-05
0.982231
1.46216e-05
1.95717e-07
9.4947e-05
4.3642e-05
8.7101e-05
2.11428e-07
0.000550894
5.44312e-06
5.10289e-07
3.25981e-07
1.35985e-07
9.53005e-06
3.55257e-06
3.03223e-08
0.0543025
5.04748e-05
0.000198952
0.409885
9.73038e-10
0.00892616
3.64129e-08
0.000144166
3.19233e-07
1.27258e-07
0.0841094
0.325653
0.00025877
6.51494e-08
0.0121705
1.05215e-06
9.80749e-07
4.83121e-05
0.987762
8.07162e-08
1.86676e-05
2.51879e-06
0.00202702
9.37734e-09
3.49718e-07
0.00116002
0.061315
5.54854e-07
8.84677e-10
0.000212079
8.07594e-06
4.26017e-05
9.29879e-09
0.00441605
2.71136e-06
0.0438069
0.0418093
1.38159e-06
0.00131787
3.52522e-11
4.70039e-06
6.74619e-10
0.000421001
1.01209e-06
0.000269813
0.981918
0.000231114
0.043502
6.40514e-09
1.57362e-08
5.49665e-06
0.000760283
0.0002984
0.000361506
4.53638e-07
5.60184e-07
0.000150617
0.506064
5.2523e-08
0.000114473
7.45384e-06
5.61876e-09
0.000306923
1.00987e-07
1.02439e-10
3.17665e-06
2.01432e-07
8.59133e-09
3.77298e-08
0.0258147
4.08902e-11
0.173262
1.28081e-07
0.000250855
0.0208112
5.64071e-05
0.0471979
1.3812e-08
1.09194e-09
1.84199e-06
8.49174e-09
0.984492
1.65106e-09
0.0146014
1.23986e-09
0.00161449
0.00022376
5.27149e-05
7.4894e-07
0.000682548
0.000893334
0.00118576
0.0312755
8.93559e-05
1.33526e-08
7.60308e-08
3.8681e-08
2.36206e-07
4.13256e-05
6.72481e-06
4.38219e-05
0.978695
2.12116e-05
0.90788
8.09658e-05
0.985136
0.0438838
3.43358e-10
0.000122584
7.57232e-08
0.949205
1.36065e-08
3.94473e-08
1.25403e-06
1.21569e-06
8.49866e-05
5.1693e-05
0.0140258
5.08395e-06
2.60162e-06
0.000230299
7.01905e-05
0.000297727
3.42997e-07
1.69238e-11
0.00025089
0.984171
5.161e-07
5.43366e-06
1.12391e-08
4.95081e-06
0.986369
2.17304e-08
0.0161562
0.00221852
0.0586614
1.72837e-06
4.63863e-09
0.00522462
0.000910984
1.13418e-10
0.000231939
9.20024e-06
0.00640129
0.985723
0.000127483
1.32811e-06
0.984231
0.985793
1.09299e-07
0.00145288
0.000120254
0.000193705
0.00012117
0.000399773
1.35748e-05
8.69156e-06
9.89232e-05
1.89235e-07
2.24542e-06
0.000132791
0.982505
2.35359e-10
2.58612e-06
2.66047e-09
0.986602
0.000832837
2.74891e-05
6.68589e-05
0.000156393
1.08247e-08
8.99611e-07
0.0194454
7.42182e-10
0.971491
3.91676e-09
4.85051e-05
1.41795e-09
0.000800419
3.48486e-05
7.23137e-10
1.78524e-06
0.00041082
5.24039e-06
0.986103
4.16696e-06
0.000984736
0.0497994
0.000990875
0.0100613
0.0112037
1.23024e-06
0.00557955
6.32018e-07
0.521913
0.000864707
6.96313e-06
0.00504613
0.00907866
0.0047603
0.00194214
6.20758e-05
9.07539e-06
2.42316e-05
3.75516e-06
2.84376e-09
1.86734e-06
1.49562e-06
6.80223e-05
0.00032096
0.000278812
0.986092
0.00550831
2.76143e-06
1.62562e-09
5.77922e-11
4.09993e-07
2.85677e-06
3.70281e-08
0.00109971
3.72313e-09
3.6724e-09
1.86244e-08
1.98405e-05
0.000164115
2.84201e-05
4.85314e-09
5.17107e-05
1.0903e-10
4.27028e-09
0.00776116
7.1441e-05
6.08303e-07
0.000957577
5.80708e-08
7.41497e-05
1.19485e-07
0.00112299
0.000253599
1.99253e-09
0.592621
0.984689
2.9556e-05
2.23303e-08
1.3465e-06
1.941e-05
4.76871e-05
1.01083e-07
0.985045
2.14666e-05
4.7788e-09
1.80326e-06
2.46624e-08
0.000471757
2.75099e-06
0.00605401
5.15349e-10
9.20213e-05
0.00930076
0.00039139
2.80626e-10
6.87612e-10
0.0171287
3.92507e-10
0.00248746
0.000103761
8.52729e-11
5.40725e-07
7.42364e-06
5.07258e-06
2.51824e-07
4.55318e-07
0.000469499
0.00956952
0.986901
5.61551e-07
3.12761e-05
0.0532763
8.66458e-05
7.39744e-07
4.0078e-09
0.00200792
0.000776834
2.08819e-06
3.06275e-09
0.978047
0.980762
3.62279e-09
3.51907e-11
0.00247161
0.00586714
1.12917e-07
0.000229651
0.000110558
2.60971e-06
5.71677e-05
7.23159e-08
4.46049e-10
0.000406224
0.000197616
4.00261e-05
0.00103518
2.59624e-09
0.171529
1.5089e-06
3.95622e-09
0.978148
1.89425e-08
6.36133e-05
0.00264406
8.00071e-06
1.71783e-09
5.80051e-06
1.24175e-06
0.00137096
1.15224e-05
0.975838
6.4171e-07
0.00117114
2.52396e-09
0.0160002
0.000866435
7.24109e-10
0.000937189
1.1164e-06
0.000482476
0.00173341
0.00599085
1.06288e-08
0.972289
1.9459e-07
5.135e-07
1.32037e-09
1.20223e-08
0.0987713
0.000715625
4.70078e-05
2.55082e-10
0.977441
0.0930287
0.00768206
0.00176929
0.97933
5.30156e-07
3.80088e-05
4.81631e-07
0.00339234
4.37703e-08
0.000236651
1.25839e-05
9.87147e-05
2.77194e-09
4.77399e-05
0.000772331
6.14816e-09
0.0242661
0.0248842
0.0245091
8.72133e-08
1.47273e-06
1.51331e-05
3.33957e-10
8.41605e-09
0.00801721
0.0105823
0.984959
6.81344e-08
3.84108e-07
0.000285664
2.10246e-08
0.00157411
0.987561
3.3254e-06
0.971489
3.34575e-05
0.000163487
6.28108e-10
3.38846e-09
3.27702e-05
1.9719e-09
0.00040554
3.26423e-11
4.66977e-07
1.99527e-05
0.000673738
5.6595e-05
0.987532
2.05276e-07
0.000166129
5.25005e-08
0.987693
3.62259e-08
1.94085e-09
1.69998e-06
0.00351758
1.19717e-08
2.71874e-07
7.09116e-05
7.34269e-05
0.0375463
0.98569
5.13438e-05
0.00118582
7.86131e-06
0.000210133
8.27625e-11
3.00843e-05
1.97279e-08
1.72948e-06
2.03995e-07
6.45238e-10
0.000254521
1.27132e-05
1.32114e-08
1.60977e-05
0.00016107
9.9104e-06
0.000194694
5.55944e-07
3.49183e-06
6.07039e-06
1.6568e-05
4.40607e-05
1.29849e-09
6.02164e-09
0.000218889
9.24032e-07
7.07742e-06
7.51162e-06
0.985519
0.0103834
3.27778e-07
8.65219e-06
0.00105278
0.00360369
0.00205674
0.984957
1.16435e-05
5.249e-06
0.958383
9.19016e-07
8.98684e-06
0.00826634
3.57917e-07
1.28634e-09
0.00513992
3.5079e-07
0.00171083
0.0433511
9.48098e-06
2.56151e-09
5.4979e-05
5.38032e-11
3.34029e-09
8.4647e-07
0.987605
1.01977e-05
0.000358997
8.47236e-09
5.34995e-06
7.76649e-06
0.0244978
0.00474794
1.39253e-07
3.29443e-08
1.46655e-05
1.5982e-05
4.19844e-08
8.45691e-05
2.64196e-09
0.000227302
0.0045806
0.000190972
5.6841e-06
5.50635e-05
1.45194e-07
7.8965e-08
1.45771e-08
2.08954e-06
2.66111e-07
6.25393e-05
3.49178e-08
1.14386e-09
4.7287e-06
2.03243e-05
8.43185e-05
0.0102303
0.00694026
2.24935e-07
6.16808e-09
2.63559e-07
5.27592e-07
0.980465
0.00336098
3.90078e-09
2.35484e-06
9.25901e-08
0.000134073
1.99957e-09
2.08058e-06
0.579195
0.00538518
3.46182e-05
0.000381666
1.30056e-10
1.52768e-08
2.17356e-08
4.26098e-08
0.000143718
1.10524e-06
1.2532e-05
3.39364e-06
3.94411e-10
1.39007e-06
0.00192362
0.00196245
3.31819e-10
2.47367e-11
7.84968e-06
2.99249e-06
3.78948e-05
1.5439e-05
2.14782e-05
3.67268e-10
0.985918
2.4002e-05
3.29669e-10
0.00220698
0.00250976
1.40494e-07
0.00159674
2.13905e-07
2.09626e-09
5.08118e-07
9.74732e-06
9.72078e-08
1.47815e-05
4.67707e-10
0.000424539
1.08517e-07
3.65752e-06
1.71584e-05
0.000343044
1.64395e-08
0.00163562
0.00085071
6.58235e-07
0.983226
0.987888
4.47168e-07
7.86922e-05
3.43986e-09
1.12381e-05
0.000302008
1.34316e-06
0.987748
3.17416e-06
1.64419e-08
0.000380926
1.21777e-09
0.00126017
6.0161e-05
0.00100805
1.32117e-05
5.72168e-08
5.67578e-07
4.31411e-08
4.30514e-06
1.12334e-06
0.983582
8.40817e-08
3.21577e-08
2.77848e-10
4.6313e-05
7.7404e-06
1.8139e-11
1.00053e-09
8.06615e-08
0.0163801
1.16279e-08
0.986254
4.73258e-09
6.66997e-07
1.45502e-06
5.23547e-09
2.70428e-10
1.81463e-09
2.0621e-05
0.0138245
3.53155e-07
0.000841424
6.76996e-05
4.40443e-11
4.47373e-07
4.87981e-05
0.986516
3.82095e-06
6.23168e-05
1.22759e-08
0.000138309
7.72773e-06
1.78217e-11
4.22538e-11
2.65079e-08
4.09003e-07
0.0904666
8.31585e-10
0.00251748
0.966925
7.96682e-06
1.42356e-08
4.64006e-05
0.000197271
2.9617e-10
2.5606e-07
7.65899e-06
9.70791e-07
0.0163911
4.3811e-07
0.0069315
6.14757e-09
8.8174e-06
0.983743
4.38324e-07
0.00211439
1.41886e-08
2.52485e-06
2.21345e-08
4.41167e-05
1.55601e-10
9.62187e-08
0.0216281
0.0131524
2.90711e-07
0.000823406
0.985446
9.65436e-05
1.35852e-09
4.44346e-08
2.39241e-06
1.58718e-07
2.95989e-05
0.0018749
0.0164632
4.68895e-07
1.18485e-07
4.26398e-06
6.11005e-06
9.29159e-05
1.86515e-05
4.55412e-05
3.17921e-10
0.987414
0.0408332
6.49936e-11
1.35692e-06
0.216835
3.76462e-08
7.50444e-07
4.40906e-06
2.85612e-09
4.75156e-08
0.0185204
0.987043
1.16942e-07
5.07174e-05
3.2574e-05
0.982738
5.27512e-06
7.3951e-05
4.42463e-06
2.26544e-05
7.84611e-07
4.16315e-05
2.99917e-09
5.69436e-08
9.69768e-07
0.00747488
9.9937e-07
0.0070808
5.56059e-09
1.64373e-09
0.000698399
0.000952527
0.0278226
3.8937e-05
8.23977e-07
2.7002e-09
3.9157e-08
7.79133e-06
2.94767e-06
0.983975
6.18875e-05
1.24981e-08
0.987762
2.15606e-08
1.44621e-06
9.41622e-11
0.986543
3.27274e-09
1.91829e-07
1.58771e-05
7.51372e-06
5.0133e-05
7.62431e-06
1.9506e-11
0.961036
2.16872e-05
8.49158e-07
1.84598e-05
0.982244
3.0488e-06
7.16106e-07
1.94806e-11
2.7254e-05
1.06128e-10
0.00243938
0.000328804
0.00199982
2.2186e-07
0.00169765
3.11853e-10
5.8563e-06
2.23615e-09
2.83582e-07
0.000294017
1.24117e-09
0.000292982
1.6421e-06
2.82419e-11
0.0240067
0.000702263
0.981534
1.26886e-07
6.28287e-08
5.89692e-07
1.16155e-06
1.29415e-05
0.986152
0.000174261
2.94074e-07
6.52181e-05
0.0279697
2.07222e-10
2.13461e-09
8.61128e-09
5.70089e-05
8.94078e-09
4.54533e-08
0.000251495
0.000303534
4.17217e-11
1.33984e-08
0.00366703
5.55941e-09
0.0531701
0.000143753
0.0140862
0.0146181
0.974179
2.5053e-05
4.58564e-07
8.35236e-09
1.39942e-07
9.84603e-05
1.51537e-06
0.0133414
5.77701e-05
0.00409168
3.26297e-08
0.987868
8.11515e-05
0.96682
0.000608351
3.07552e-08
2.81188e-07
0.9876
0.981051
2.12159e-05
1.11423e-09
7.84956e-10
0.000281284
4.81893e-07
5.93085e-06
1.74181e-08
2.43205e-06
0.987715
0.0111554
8.32621e-09
1.07324e-09
0.000423599
5.5139e-06
1.48532e-05
0.00311002
6.63413e-09
0.987876
0.0194187
1.0727e-08
1.13035e-10
0.000127409
0.00869039
6.36297e-08
0.00973988
0.16206
2.14156e-08
4.60081e-10
2.15944e-07
0.00016664
2.02149e-11
1.23215e-06
6.57957e-05
1.33978e-09
2.19333e-06
0.00122964
0.986583
1.77067e-08
0.00246362
0.0125183
1.59721e-11
2.76072e-06
1.86788e-11
4.12971e-05
0.207375
3.55923e-07
3.38746e-05
1.22472e-05
3.67274e-06
2.90239e-06
0.00574185
0.987819
0.00427737
0.0349068
0.00479021
0.98751
2.30559e-09
3.98732e-05
0.000210415
0.000104729
0.0758038
8.51031e-08
2.1385e-10
0.00237441
6.06987e-07
2.24941e-05
0.0117008
0.0221606
7.46274e-05
2.20354e-09
1.10999e-10
3.11876e-10
0.987615
5.52491e-09
0.00012725
0.000625036
1.15734e-05
0.0158356
3.46043e-05
4.32048e-06
6.98743e-08
8.6978e-10
0.0030462
0.0152929
0.0111045
1.97159e-09
2.4087e-05
0.00018662
3.0557e-08
1.73389e-06
0.987875
0.000817737
3.47922e-07
1.39145e-07
3.69134e-05
5.02758e-05
0.00801831
0.000325536
0.00020418
0.00163052
0.000424442
0.043459
0.985313
0.983144
8.66e-10
3.44369e-09
0.984447
0.00519299
0.000395247
0.000139384
2.795e-09
7.23474e-07
2.42416e-10
0.00168403
0.00184215
0.000436987
1.13307e-08
0.212833
2.72873e-08
1.37903e-05
1.44108e-07
1.95942e-07
1.29013e-10
3.48244e-10
5.59449e-06
2.24962e-05
0.965335
0.981589
2.82188e-09
0.974467
0.982319
2.95825e-06
0.00135054
5.37691e-08
0.000229775
0.000129099
1.3794e-09
4.39372e-05
1.25241e-06
3.56487e-08
1.17504e-05
0.00321396
0.000815285
4.36498e-07
4.08421e-09
6.12981e-10
0.000155189
1.76462e-09
0.0166182
7.3171e-06
1.79945e-11
0.000241815
0.00180456
1.0219e-08
0.000160367
0.00171929
2.63373e-05
0.00244526
0.0053768
0.0008944
0.000109467
4.84748e-08
0.0285969
0.000151835
4.03009e-08
2.50578e-09
1.51014e-07
0.00258306
0.00218198
0.0220841
0.000135325
1.22678e-07
8.73336e-07
0.00129699
9.76659e-07
1.03755e-05
8.91211e-07
0.000556441
5.37105e-08
0.981689
1.64828e-10
0.00190695
1.90785e-06
0.975001
9.64939e-08
3.23421e-05
0.0061027
0.000138547
1.60664e-06
9.60379e-09
1.79274e-05
0.0163772
5.96491e-08
1.17753e-06
1.65252e-05
0.000887439
3.56855e-07
2.4451e-05
1.74935e-08
0.000134563
9.23732e-11
8.33085e-08
9.84221e-05
0.000238261
0.987896
0.98627
8.84617e-05
0.00229124
0.00722913
7.13984e-09
4.74922e-07
0.00776748
7.60243e-10
2.78142e-06
2.24263e-06
3.73649e-08
3.61711e-09
1.83191e-05
1.97583e-06
9.24601e-08
8.94787e-10
1.65831e-07
0.0036389
0.968963
0.000505798
1.67014e-08
0.000954903
4.82912e-07
0.00019377
6.43923e-10
2.28412e-07
1.46784e-08
0.984597
5.7198e-06
1.21644e-08
1.09542e-08
4.29695e-07
5.32521e-05
0.0693202
0.0590086
0.000107815
0.00104172
0.000296841
3.45305e-07
0.987551
2.41451e-09
2.7477e-05
2.76344e-09
0.000161278
1.09789e-05
0.000241253
2.74331e-08
0.000548189
0.0028224
0.00703132
2.8183e-05
2.69061e-05
0.0856223
0.0013775
0.000265383
5.72085e-06
5.18019e-05
1.58358e-09
4.85393e-06
1.35046e-07
1.12004e-05
1.66442e-11
1.52942e-05
0.0180778
4.13343e-10
0.00291556
1.08086e-05
0.00162415
2.39698e-09
1.40822e-07
1.46086e-07
1.2772e-09
4.45483e-06
1.70901e-06
0.976728
0.00373793
2.72754e-06
9.36964e-11
0.0160999
0.00937285
0.0949398
1.64612e-10
3.96664e-07
1.02069e-05
0.0146951
0.000119102
4.45413e-10
4.92366e-07
7.45402e-08
1.89575e-10
1.02932e-07
0.00240588
0.000417162
0.000992429
2.40297e-11
6.95608e-11
1.54088e-06
0.000531747
0.982384
4.38978e-08
1.99304e-05
7.74701e-10
2.76161e-11
0.000118065
6.5056e-07
0.00128803
0.000103156
4.82198e-08
0.000442972
0.000255244
2.08444e-07
1.61641e-07
0.000133445
4.50321e-05
2.51825e-05
0.00865482
4.14868e-07
3.92793e-06
7.95135e-06
1.0806e-06
1.48191e-08
3.96098e-08
0.000203206
2.09584e-07
4.77639e-06
2.53379e-06
8.08302e-06
3.24344e-07
3.73734e-05
7.65139e-10
5.55648e-09
4.45779e-07
0.983666
4.27902e-06
1.95378e-09
3.61911e-11
1.39758e-10
5.7601e-08
0.00141815
0.00563854
0.987008
4.92441e-05
1.56242e-11
2.32576e-10
3.05551e-11
1.9164e-06
2.67915e-07
0.00820278
1.0096e-08
4.36957e-05
5.94631e-07
0.0153091
0.0230563
0.00472146
0.987198
9.3971e-07
0.000715101
1.08099e-06
0.000382132
0.000146336
1.26717e-07
0.000149336
7.42665e-09
0.000214668
0.104858
0.00662697
0.0194567
4.51151e-05
0.984167
1.60728e-08
7.21948e-08
8.98584e-05
0.984793
2.299e-09
3.76346e-06
9.05242e-05
1.56053e-07
0.000924527
0.00269726
1.11955e-07
2.01596e-05
0.00435303
1.10132e-05
2.06973e-07
1.19891e-08
0.979107
8.80914e-06
0.000767986
5.10572e-06
1.54987e-11
0.000459137
4.51138e-08
0.000188343
7.56784e-11
2.47452e-07
6.17149e-06
2.91492e-06
1.93331e-05
2.85122e-05
0.985775
5.83624e-06
2.13996e-09
0.000126039
0.000787228
7.83617e-09
0.977823
5.26386e-05
0.0153373
0.000210889
0.000188028
1.07447e-06
0.985054
0.000182583
1.09225e-05
4.22342e-09
0.976275
1.32941e-09
0.00448685
3.50403e-05
1.91798e-08
0.97632
6.33455e-07
0.000209717
2.19123e-05
5.58536e-06
0.000706445
1.19535e-06
0.000171331
0.000157271
6.58096e-10
0.0100579
0.981164
1.99711e-08
7.30149e-06
6.61003e-07
0.0168051
2.01559e-08
2.99469e-06
3.87356e-06
4.32578e-07
0.548188
2.34664e-10
1.42297e-06
7.21057e-06
1.39045e-05
7.34943e-07
1.34341e-05
2.93312e-06
7.79325e-10
1.50081e-07
5.92554e-09
2.36401e-08
0.00396478
2.30575e-05
0.116565
8.67355e-05
0.00534444
6.68908e-08
0.0113331
0.000904233
0.986684
0.000839387
8.60124e-06
0.00704077
0.0260277
0.0482482
0.117485
3.53181e-06
0.000715687
1.55393e-11
2.07999e-05
0.981428
0.00899891
9.02977e-06
0.000877531
1.32876e-05
1.21433e-07
4.91727e-09
3.55901e-08
6.66843e-07
0.000319047
0.00625423
0.980482
6.17105e-09
5.72726e-07
3.88513e-07
0.987566
5.24492e-06
2.5739e-05
0.0215535
0.00182958
1.90898e-09
5.84914e-11
1.45732e-08
0.0701555
6.52729e-08
1.43157e-07
3.13942e-05
7.59033e-07
0.98621
1.75959e-05
0.00183275
6.28792e-05
5.00226e-05
1.23128e-07
7.85167e-09
5.19905e-08
0.000114088
2.89541e-09
9.87765e-11
0.00528199
2.26682e-08
1.79013e-08
5.45182e-11
7.09516e-06
1.7107e-07
0.0468739
0.000100708
1.76918e-07
5.09354e-06
0.00106301
8.2569e-06
0.972981
1.29741e-10
8.75865e-09
0.000219315
0.0303664
0.0911272
0.000530976
1.54618e-10
4.30246e-08
0.0438836
2.67938e-06
3.81855e-05
4.56941e-06
0.986766
0.17667
0.000826574
3.49117e-05
5.84935e-07
4.00618e-06
0.000945454
2.65666e-09
6.08689e-07
0.000281364
1.65358e-05
0.0291212
0.981175
0.00119163
3.60774e-11
1.27749e-05
7.24236e-05
0.0250507
2.10769e-05
2.56806e-08
9.6625e-07
7.08791e-10
3.18421e-09
1.41418e-09
0.00330851
0.00270628
8.59234e-07
2.75577e-08
1.35507e-08
3.05297e-08
0.000214127
0.000426336
3.0853e-05
0.00710458
3.45738e-08
0.00328859
6.37689e-05
0.000513536
0.000296746
2.26081e-10
8.17511e-09
4.24604e-09
2.03945e-08
0.000117893
2.1234e-10
0.117373
8.56242e-07
2.49642e-06
3.05787e-09
1.60053e-06
0.000194912
0.000243403
0.000107562
1.15366e-07
1.16281e-05
0.000108468
1.64059e-08
1.24232e-06
5.70389e-06
0.0030902
3.73379e-05
0.000158436
5.70699e-06
7.58456e-07
3.305e-07
0.0261158
0.00064355
3.07651e-08
5.11565e-09
0.00232979
1.00178e-07
8.82112e-07
2.38371e-05
2.32507e-06
0.00395881
1.01113e-06
0.00027461
3.82727e-06
5.25744e-09
9.88275e-05
1.02185e-08
4.18079e-11
0.000585764
1.79337e-07
0.987666
1.23776e-05
0.974434
4.91315e-09
0.987358
0.000140378
4.48873e-09
0.00205246
0.986302
5.42733e-07
7.74547e-06
1.10043e-06
0.00745972
4.45502e-06
5.14349e-05
2.57841e-06
5.04558e-10
4.7396e-05
7.13283e-08
0.981144
2.97989e-06
4.70046e-08
3.33884e-06
9.69034e-07
0.000962894
0.000122424
0.00352686
0.000161857
0.0213875
0.00450382
0.984463
0.00501866
1.41889e-06
0.00555517
9.82077e-05
1.97507e-09
7.24264e-06
7.43807e-07
4.98155e-11
4.45766e-09
0.00244973
0.955809
0.976562
4.79366e-05
1.6908e-07
3.05756e-05
2.00069e-06
0.987632
0.0293442
0.00180778
0.000660824
3.72389e-08
3.41083e-05
4.68714e-10
5.74562e-09
0.00580996
8.7688e-07
0.00352303
2.54737e-05
0.899589
2.53046e-08
0.0022605
4.85619e-07
5.72071e-07
1.04105e-05
2.74384e-10
0.000611917
0.975139
2.54602e-07
7.57763e-06
7.24505e-08
0.981797
9.59466e-05
6.25283e-08
1.21625e-08
3.76592e-06
0.972282
2.89829e-05
3.11503e-06
8.48053e-06
0.00225279
6.87468e-10
7.43195e-05
0.983582
1.14758e-05
0.000807976
0.387919
1.48427e-07
1.14011e-05
7.65372e-09
2.19791e-07
0.000106899
1.61352e-06
8.97525e-10
0.763598
2.1503e-06
0.100742
6.91072e-05
1.58278e-08
1.45958e-05
1.85512e-06
4.61409e-05
0.156966
2.75208e-06
1.42965e-09
8.96437e-08
0.0217635
0.967031
2.52019e-09
8.84661e-10
0.000903192
4.14588e-11
9.30388e-05
3.09809e-07
0.983358
0.000246897
0.0596465
5.01079e-09
1.74318e-08
2.59264e-05
2.63899e-07
5.16412e-10
1.33558e-06
1.80795e-11
3.9018e-08
1.76812e-09
0.00036554
6.37497e-10
4.7938e-05
0.000145727
0.000431436
3.62595e-09
6.71274e-08
0.0263114
0.00537035
0.647239
0.0242481
1.38907e-06
0.984241
0.000100237
4.06561e-09
0.0598212
0.00199478
8.57087e-06
0.0352607
8.58202e-05
3.70504e-05
2.49472e-05
7.48733e-09
5.58423e-07
0.000148757
0.0247887
5.4937e-07
0.00098185
0.0150832
6.81619e-06
3.91392e-08
0.00391094
5.21415e-08
1.14426e-05
1.05395e-05
1.6516e-08
0.0340311
8.98172e-10
0.047441
0.00156054
1.23744e-05
0.000314384
2.7972e-09
0.00101725
0.0086095
4.05242e-06
0.000651802
9.35608e-08
1.62207e-10
0.000711259
1.27923e-06
0.0114174
0.000186005
4.64624e-09
2.28329e-06
1.77579e-05
0.00392394
2.5485e-08
1.92653e-08
2.17505e-05
1.09559e-05
0.012487
9.67848e-05
2.26787e-06
0.0313779
3.21934e-09
0.972777
3.67908e-08
2.46432e-05
3.37459e-06
6.65295e-07
0.00476352
1.53116e-05
0.000787029
0.974556
4.22374e-05
5.07559e-10
0.000441434
1.25854e-06
3.71728e-06
9.08842e-08
0.00893687
3.11417e-10
0.0977498
3.15822e-09
0.00110184
6.02652e-08
1.6983e-10
0.003411
1.16804e-08
0.000171575
5.96106e-06
4.45593e-07
0.965478
0.000353086
3.81572e-08
1.38626e-05
2.61365e-10
0.000893718
6.71627e-11
1.68836e-07
5.18645e-09
0.195764
1.50275e-05
2.18559e-07
0.934024
3.88852e-07
0.000352582
2.29543e-09
6.49777e-06
0.00710139
0.00034556
5.0392e-09
9.64801e-09
2.73411e-10
0.000107366
9.48586e-08
0.00384487
0.0147683
3.86628e-05
0.0290135
2.15271e-09
0.00380288
0.0558656
2.53439e-05
1.05968e-05
2.88826e-05
5.9277e-08
9.9867e-10
1.67216e-07
0.000917105
0.084701
5.49595e-05
0.955193
0.000129405
1.85575e-06
7.66354e-05
2.80524e-07
3.94527e-10
1.9797e-08
4.10242e-05
4.8494e-05
0.987607
6.80871e-09
1.3553e-10
0.0041476
2.76081e-11
5.611e-07
0.00119117
3.64132e-08
0.000135692
6.59355e-05
0.0028524
6.9991e-05
0.0198123
1.07134e-06
0.000256265
0.984005
0.987114
1.41374e-10
0.00125418
7.01335e-05
0.00127538
0.00315818
1.91549e-10
0.0160987
4.20616e-06
1.70564e-09
1.1287e-07
0.00026859
1.30516e-09
0.983589
2.89532e-08
2.83486e-06
0.00553326
3.50862e-06
0.00111896
0.00164964
5.2393e-05
0.000192167
2.21228e-06
4.03561e-06
2.66211e-05
1.95818e-07
3.98312e-09
2.85221e-05
2.34628e-07
0.0577557
1.77043e-09
1.46552e-06
4.2526e-10
1.01885e-05
0.94392
0.00580421
2.79983e-08
1.29185e-06
8.08968e-07
1.01476e-05
3.7771e-07
0.000475261
7.2858e-06
0.00975259
2.55486e-10
4.08921e-08
0.000140359
4.52752e-05
0.000471615
0.987154
1.10776e-09
2.49447e-06
5.21424e-07
2.46944e-06
8.39677e-07
7.87641e-05
8.13295e-05
3.93423e-06
1.02358e-05
0.000539351
7.84032e-10
0.00620865
3.5168e-08
0.0430828
1.09466e-08
6.4009e-05
7.08685e-05
2.75953e-06
1.73965e-11
2.4904e-07
0.595235
0.000203094
2.53854e-10
0.880332
0.947162
0.0584341
1.17807e-06
5.52433e-09
0.000250688
5.78412e-09
7.04483e-08
0.0190643
7.61999e-05
0.00133779
0.0120019
0.979534
0.986639
0.948707
9.98976e-06
0.0156369
2.63395e-09
0.0184273
7.09633e-07
0.9629
0.000203166
3.02925e-05
1.76264e-06
4.68598e-11
0.0105497
1.14302e-07
1.77545e-05
0.0449806
2.67036e-09
2.67883e-11
2.75615e-10
2.50965e-08
4.76724e-07
1.39928e-07
1.11877e-06
0.000363049
6.28081e-09
0.000183397
0.000450429
0.985475
0.00767555
1.76431e-05
0.000781751
1.96075e-07
0.98359
8.06245e-06
1.83609e-09
7.13192e-05
1.73782e-05
0.00430635
4.15497e-09
1.72833e-11
0.000145372
0.000591256
0.000483936
0.00445157
0.00345333
1.92901e-06
9.59181e-06
0.000192622
0.00179073
6.91653e-09
0.00461112
6.18772e-10
1.24881e-06
0.00460145
1.50433e-05
3.46155e-07
1.08586e-08
0.0108474
4.29198e-10
2.6138e-05
0.0367037
6.38072e-07
5.33339e-08
0.012785
0.00127539
0.955439
3.48818e-06
0.0076334
0.0516319
1.45572e-08
8.76373e-07
0.000103277
4.99013e-08
0.0226318
0.000292989
0.000192065
0.00301277
1.64551e-10
8.03222e-06
6.55508e-08
1.84686e-09
2.15068e-05
0.451775
0.015591
0.987664
8.67096e-08
3.77091e-06
1.7534e-09
1.29656e-07
0.303449
0.00606764
1.7468e-09
9.47494e-05
0.000400644
0.974375
0.983278
6.9386e-07
1.34209e-05
4.72927e-06
0.00288633
8.10527e-05
2.3857e-08
8.92804e-08
1.49736e-05
0.0643872
0.00127085
2.05095e-10
1.14897e-08
0.0816518
0.006361
0.00260958
1.32489e-06
1.50102e-09
1.7151e-08
0.00100825
4.41768e-08
0.017376
0.964634
1.69169e-05
8.85717e-06
1.54992e-08
0.00450805
3.83211e-06
2.27119e-06
3.67634e-06
0.696689
1.49175e-07
1.83307e-05
6.27027e-11
2.8141e-05
0.751665
5.96651e-06
0.000512417
0.00187004
0.000487278
1.10348e-08
3.5204e-05
6.55104e-05
0.00132509
2.40658e-06
0.000130704
0.00130615
4.24034e-09
7.34608e-05
1.41303e-05
6.53442e-06
6.94525e-06
0.0205774
4.1741e-09
2.30343e-10
0.948462
0.000233272
0.0041392
2.07777e-06
0.986537
0.00016939
0.000459663
0.431324
0.0212911
4.41801e-07
1.31752e-10
1.02484e-07
5.35784e-10
1.46396e-05
0.00983279
1.72828e-11
0.000466014
4.0812e-10
0.00802143
8.20633e-05
8.67765e-05
0.00654146
0.98628
0.00217076
0.98118
1.24123e-09
0.000407852
1.54041e-09
1.83765e-06
1.22829e-06
0.000755701
6.68397e-10
0.987336
0.0131889
5.65699e-07
1.21466e-07
0.980202
1.33543e-07
1.31311e-08
0.000338398
2.57601e-09
1.00497e-05
0.286902
3.98988e-05
2.25407e-05
0.000209492
0.983342
6.21688e-10
0.00118304
0.000931728
1.45329e-05
1.59216e-10
0.984365
0.00154594
1.77549e-07
0.000325086
0.00818778
7.84469e-10
0.00487074
2.56876e-05
0.0291648
5.65004e-07
0.000810742
1.29316e-07
4.70642e-05
2.51832e-06
0.00048868
8.30633e-07
4.99183e-07
0.000488029
1.4335e-06
0.00171194
5.42547e-05
0.0206363
1.85077e-07
6.69283e-07
0.133396
0.00410831
0.000361602
0.541574
1.74806e-10
0.000278423
0.00349522
4.31805e-09
0.000127089
2.16688e-05
3.71963e-07
1.18257e-10
0.0171068
2.38377e-09
1.23378e-09
0.987648
9.72129e-09
3.86567e-06
3.86061e-05
0.00920902
2.95114e-07
3.33726e-06
1.86953e-05
3.82007e-06
0.0026513
0.0332163
1.79907e-06
0.000274987
0.00464227
0.0410648
4.59822e-09
1.5386e-07
0.0119767
0.00263709
7.73751e-06
3.87645e-06
0.00310497
5.69415e-07
0.0041758
0.982477
4.73316e-09
4.99104e-09
3.79415e-07
1.16241e-08
2.38919e-07
0.454899
1.01668e-08
0.96089
4.94515e-05
0.983342
0.00113757
0.000608369
4.60507e-07
3.44682e-11
0.00288777
1.50309e-05
2.73692e-08
5.38545e-11
3.67696e-08
0.0133543
9.4796e-05
0.000526195
0.00084757
2.68839e-07
0.0145034
0.000216358
0.000894733
3.12661e-10
5.9624e-08
1.08186e-07
1.59227e-07
4.9625e-07
1.20229e-07
2.33236e-10
0.000163988
1.47748e-05
0.0178855
3.9199e-10
0.0779455
1.02352e-07
0.978403
0.967946
1.74182e-08
0.00152414
5.79313e-10
0.00243266
4.41922e-06
0.966175
1.60794e-10
0.00170666
7.57234e-09
3.75094e-09
0.976177
3.02497e-07
0.0150927
0.000379277
0.000786413
2.27367e-08
1.16163e-05
0.00160955
0.00015468
0.00143837
0.0036618
1.4085e-06
9.87021e-05
8.91462e-06
1.86537e-08
0.00333243
1.57783e-05
2.03328e-06
0.00475418
1.15878e-10
0.00116769
0.000419513
0.139228
1.95504e-05
0.986797
5.18538e-05
3.84562e-09
1.87846e-10
6.36074e-09
0.189985
1.06521e-09
4.59328e-06
1.1843e-05
0.977976
0.000372531
5.97042e-10
0.57097
4.64825e-08
3.64523e-09
4.54056e-05
7.91035e-05
2.60694e-06
0.000121781
0.0589368
0.00221238
3.53213e-09
8.69504e-07
4.85132e-11
