0.00876984
6.69071e-11
1.68395e-08
1.41976e-06
3.75535e-06
6.91901e-08
0.000349902
3.00535e-06
2.21728e-05
2.62472e-08
0.00445247
3.48699e-05
0.000545993
0.000948067
0.981961
2.34882e-09
3.20816e-07
1.61381e-09
0.00107445
4.39781e-06
1.33675e-10
0.000135945
1.97861e-05
2.39516e-09
5.18285e-09
0.00746955
9.8094e-05
0.983725
0.0012102
2.24861e-06
1.66087e-07
0.986314
0.000333678
4.36259e-05
4.07301e-10
2.47371e-07
4.10928e-06
1.46005e-05
0.000699003
0.984764
0.985286
4.05599e-09
0.0510802
2.41695e-08
3.24597e-06
2.99392e-07
2.57838e-08
2.7538e-10
1.53549e-05
7.19574e-05
0.00029002
4.49641e-08
0.000601705
2.37332e-11
0.985166
9.26118e-10
0.000208831
9.5402e-10
0.000504782
0.00472712
0.000881077
0.000948653
1.60499e-07
0.0234708
7.62536e-09
4.80485e-07
0.986284
7.59772e-10
1.66328e-08
0.00115174
4.13805e-08
0.00187497
0.000766192
1.49807e-07
1.55151e-05
1.18405e-06
2.38416e-11
0.984996
0.0476067
0.042083
1.17351e-11
0.000609394
4.23806e-09
0.00104154
0.984487
0.986019
9.65201e-08
2.05773e-07
4.46294e-06
3.74328e-07
8.4198e-07
0.000227907
0.000205919
0.985035
2.94489e-07
0.000181879
1.11525e-06
0.984957
2.4565e-09
1.39825e-05
4.44098e-11
7.84738e-08
5.94575e-05
0.00533177
9.7822e-07
3.01143e-05
0.00159371
0.980929
3.82166e-05
8.60361e-09
0.979175
0.00295648
5.31393e-08
1.78996e-05
9.86493e-10
0.00114624
3.49257e-07
0.974448
6.62407e-05
0.986255
0.980328
3.34204e-08
0.977573
0.00253212
3.0497e-08
7.49808e-08
0.983164
7.57841e-06
1.31997e-08
8.76786e-05
4.24458e-11
4.16307e-06
7.55906e-12
0.00017382
0.000884226
9.71879e-09
5.70241e-05
1.90894e-10
4.91793e-08
0.00852882
4.88257e-06
0.050988
0.981959
1.21004e-10
4.31073e-11
2.53908e-07
1.03248e-07
0.000122443
7.42218e-09
9.65334e-06
1.66507e-09
5.72949e-08
8.43344e-05
0.0951057
0.0145136
1.47868e-06
2.48409e-06
3.90605e-08
2.27402e-05
4.00419e-09
5.31012e-08
0.00147699
4.55829e-06
9.12538e-07
1.10958e-06
1.61848e-05
2.54175e-07
8.52924e-07
5.47049e-09
4.17707e-08
0.00213708
2.79063e-11
0.0189823
0.0296423
4.51414e-11
1.35189e-07
2.05933e-10
4.38792e-10
0.000476331
1.34424e-05
0.959927
0.00167121
2.18316e-05
1.95439e-11
7.37422e-06
7.50206e-10
4.44062e-09
2.00014e-09
0.000993555
1.18988e-07
0.000606666
0.000443219
1.24596e-07
0.00899247
0.0043421
5.99638e-11
1.67656e-08
6.09545e-07
0.000162008
0.986292
1.70103e-06
0.00526224
5.80207e-06
0.00203003
0.00268879
5.42444e-11
7.5768e-08
0.000139313
4.19805e-05
0.00263084
5.36677e-06
1.39934e-09
0.00178784
0.984462
0.0111067
1.27018e-08
5.30434e-07
0.00707481
1.71784e-06
9.16197e-08
8.68036e-08
0.00230048
0.00023487
0.000661467
7.19202e-07
0.00134028
5.49156e-06
5.48058e-06
1.10429e-08
0.979806
1.94434e-06
2.42587e-09
2.29337e-11
0.982034
3.2092e-06
0.000147228
2.25728e-08
2.63163e-07
1.21253e-06
0.000809608
3.44673e-09
1.57919e-05
0.000276472
5.93149e-10
7.79921e-09
1.38602e-11
4.29065e-10
1.88874e-06
0.00120342
1.76948e-06
0.00463856
4.5969e-06
7.39461e-05
1.07258e-09
0.00105083
0.000804248
2.38446e-10
0.00837653
3.84153e-06
0.00130203
1.75671e-06
0.890751
3.089e-06
0.957688
1.27945e-07
0.000111209
5.37729e-06
3.02541e-05
0.000136276
0.985935
0.985489
0.0393892
0.00405613
0.00884935
3.653e-07
1.34322e-07
2.39437e-05
1.5007e-05
3.61943e-09
1.08035e-06
1.95295e-05
1.20472e-05
5.92245e-06
1.38078e-10
0.00697438
1.1626e-06
3.01874e-11
4.45481e-07
0.00112466
0.0527865
0.982688
0.000318389
7.06002e-07
0.000355095
0.000111549
0.00615825
2.19964e-10
0.980038
2.64848e-06
4.35414e-10
0.000110415
0.000644589
1.66125e-08
0.00204691
0.000249208
0.00315779
1.22234e-08
2.20213e-11
0.000432115
2.26427e-10
3.85769e-11
7.78416e-09
4.64851e-06
0.000132924
2.81383e-06
8.31138e-07
0.00795366
0.00597425
0.00159759
2.70355e-08
9.85427e-08
5.4277e-11
5.27835e-08
5.23718e-08
8.01566e-09
8.99692e-07
2.26468e-11
3.33522e-08
3.08918e-09
2.60684e-09
1.06969e-06
4.76377e-11
0.000162765
0.00586837
0.00449425
0.968133
2.21002e-05
1.85541e-05
4.13641e-06
6.75361e-05
6.54482e-07
4.76569e-07
0.000178951
6.40533e-06
1.87415e-07
0.962026
2.46989e-08
0.000518073
1.86835e-08
1.20721e-05
4.67647e-09
0.000246502
2.12754e-11
1.55957e-11
0.00389147
9.84914e-06
0.985523
0.00201178
0.000102828
8.77862e-07
0.985063
5.77828e-05
2.30514e-09
7.81342e-09
5.87981e-06
0.000519178
1.84329e-08
0.980953
1.72945e-08
0.0110366
1.96561e-06
1.2666e-09
5.47601e-05
5.29681e-06
3.66696e-06
6.76801e-09
0.083915
0.000457561
3.37731e-06
4.04199e-07
8.12493e-10
1.55089e-08
3.32459e-06
7.06607e-05
8.23742e-06
0.000255437
0.0113674
4.89579e-11
2.08071e-08
0.000298253
0.0210675
3.08587e-08
0.984584
3.80546e-10
0.00215524
0.985153
0.00167464
1.16855e-10
1.74708e-06
7.35287e-08
2.75619e-06
3.7389e-08
0.000412621
2.25494e-07
8.84968e-07
0.0768693
2.36182e-06
7.28558e-05
4.76137e-09
2.03415e-06
0.00774819
2.32336e-07
5.72982e-09
1.95771e-07
0.00864604
0.0215591
0.977068
1.58996e-09
0.00215134
1.87291e-10
3.34154e-06
1.56857e-05
3.58411e-09
1.92821e-09
0.0121234
0.000171024
4.91192e-08
4.57041e-08
4.74765e-06
1.95846e-08
1.16028e-08
0.00363687
2.49105e-10
6.49518e-09
0.000366067
1.18341e-11
1.69133e-05
0.984489
0.000130801
3.21815e-10
1.39338e-09
0.0148033
0.00108176
0.00292851
3.95059e-05
6.23488e-10
3.18841e-10
2.63049e-06
2.23149e-07
1.74634e-07
5.49154e-10
1.68395e-09
0.986029
0.0032952
0.985476
0.0222876
1.19145e-07
0.00602954
0.0110481
5.1111e-07
0.00515854
2.42875e-05
4.09808e-09
2.27331e-06
5.25193e-09
4.13081e-07
8.36593e-08
4.45483e-10
3.31223e-10
2.16671e-05
0.000118223
7.6112e-09
1.67222e-09
0.00328092
2.64197e-10
0.00940964
9.80447e-05
0.985867
3.80172e-09
3.52221e-05
3.89118e-07
0.0574937
0.000163737
0.00444523
0.982617
4.41069e-12
4.09972e-07
2.18543e-08
1.42787e-05
2.41562e-09
1.94813e-09
0.985373
1.6071e-08
2.5099e-05
2.95358e-07
0.00713909
0.0180362
0.000664766
3.12963e-11
1.37272e-07
4.08219e-05
0.975612
3.30495e-06
1.1538e-08
5.43659e-07
0.026934
5.68735e-09
1.15847e-06
0.000851947
1.12658e-06
8.3145e-07
9.41884e-07
0.000683846
3.58732e-05
2.60386e-06
0.000561697
0.004309
0.984669
0.0106357
0.986177
0.00104489
1.32987e-06
5.5647e-11
0.0652428
2.88924e-10
4.45205e-07
4.52127e-12
8.53932e-07
7.46162e-06
7.13646e-09
0.00924341
2.65442e-06
2.71318e-07
0.985923
3.22371e-07
0.00158551
1.71897e-05
8.39237e-06
1.15282e-05
0.00100647
1.27781e-09
3.90932e-05
7.69987e-09
5.31004e-06
1.05035e-05
0.000288721
0.0546116
4.54457e-05
6.31474e-10
0.981094
0.985099
1.17912e-08
3.17182e-07
0.985728
2.92871e-05
0.0228399
0.00183108
5.81007e-07
0.000111468
6.04419e-06
0.00818835
0.986217
2.96208e-05
0.00221161
3.09678e-09
0.00173882
3.28825e-10
0.00263096
3.30855e-09
0.000393038
8.07354e-12
0.00417442
0.985619
1.75912e-09
1.49223e-07
0.00413703
0.00602618
2.10709e-06
0.0120322
0.00238669
0.00170872
0.000389394
0.0018535
0.00200096
4.89475e-07
2.09916e-07
1.80633e-05
1.4303e-05
2.6656e-07
0.0200722
8.62986e-06
1.69181e-08
0.000200052
6.30437e-07
0.985624
5.86313e-07
5.9794e-05
0.00843709
0.984412
0.000990352
1.22491e-07
2.79511e-07
1.5702e-06
8.04427e-09
6.53979e-11
1.13697e-06
3.17798e-08
0.00706016
3.52364e-06
1.81043e-09
3.74097e-06
3.90545e-11
1.0451e-08
0.985519
0.00102257
0.000198282
1.6613e-05
2.4004e-07
1.21522e-05
4.11457e-07
6.0342e-07
1.29323e-08
0.000722175
7.48861e-09
0.000165074
0.000284955
1.29802e-09
0.0103997
1.73006e-06
0.00108292
8.27258e-11
0.98022
0.0128725
8.98214e-07
7.4401e-09
4.21475e-09
0.000252229
1.57806e-09
0.979737
0.00324129
0.000337396
3.47104e-06
0.0261471
1.10668e-08
5.3549e-08
0.752108
0.00112661
2.34173e-07
6.00312e-05
4.74597e-08
0.000136994
0.000685522
5.60954e-05
5.33491e-05
2.49143e-11
0.00145042
0.00124955
2.01624e-06
6.5171e-07
0.984287
1.5693e-07
7.24924e-10
7.80754e-06
0.983453
0.985903
1.32861e-06
1.59732e-05
1.20163e-09
1.19783e-05
0.000809341
8.02917e-09
0.00142933
0.0285467
1.92764e-10
0.982906
0.000410043
4.49057e-09
6.82818e-11
0.00193104
1.99571e-10
0.00134903
6.35837e-09
2.89306e-06
0.0121724
6.9877e-09
0.00124862
2.00201e-05
6.24159e-11
2.14354e-06
3.00466e-05
2.04302e-07
0.00500666
7.49067e-12
0.00144063
0.000413553
0.00773593
1.36699e-09
0.962397
2.39737e-10
0.000193493
2.09103e-05
1.52811e-07
0.00217795
8.79539e-05
7.28622e-07
1.04458e-10
0.0161285
2.35022e-08
6.63907e-11
0.000341633
0.0279371
6.61935e-07
1.18907e-11
4.17248e-06
1.28755e-07
7.32566e-09
3.39819e-05
0.000538494
1.92226e-11
0.982176
0.985431
1.56633e-05
1.94463e-06
7.47124e-07
7.88489e-08
3.17081e-06
4.59237e-06
6.19253e-10
0.00155447
2.28459e-06
7.26449e-06
0.948461
1.10258e-10
0.0065273
2.57608e-09
1.02544e-08
4.88952e-09
1.00478e-06
0.000108788
8.78459e-06
2.22566e-05
3.00806e-06
0.000531695
1.10162e-06
2.9689e-05
3.57157e-05
2.4299e-08
1.09837e-07
3.89839e-06
7.43312e-09
2.15107e-08
5.62635e-05
1.29573e-09
1.05511e-11
0.0699323
0.984707
1.33778e-09
0.00040667
0.000103333
0.000426829
0.00051061
0.000396253
1.30877e-06
0.985275
0.00156161
1.52589e-08
7.70843e-07
7.87237e-12
2.63663e-05
1.84935e-10
0.975053
8.55018e-05
2.0296e-07
0.500722
2.80071e-05
1.37432e-07
0.00280793
2.28322e-05
0.984662
1.72143e-08
0.0863448
5.06507e-06
4.18683e-07
2.19263e-05
9.31569e-08
0.98264
4.0743e-11
3.50651e-05
7.63746e-06
2.9913e-09
6.44844e-09
1.25831e-05
0.000151681
0.975028
4.37943e-06
2.02412e-09
0.00107411
0.973383
0.986244
0.000116697
1.47377e-09
0.000170142
0.0396794
3.9976e-05
0.01195
3.31821e-11
0.986213
2.85409e-11
3.35906e-07
0.00022611
6.59809e-09
9.25546e-09
0.00888985
3.87709e-05
6.26192e-05
0.00328777
6.66504e-09
0.000312061
9.16699e-07
5.62062e-12
0.000787613
0.000121513
6.0369e-10
4.44602e-05
2.82566e-08
3.91864e-05
2.88646e-09
0.000137467
1.15472e-05
0.0138482
1.64071e-05
0.00152629
8.06736e-05
1.06384e-06
5.62716e-05
5.06705e-09
1.14536e-08
8.3758e-08
0.000384695
3.59974e-11
5.86502e-05
3.36023e-06
5.6313e-05
4.63095e-07
2.56218e-06
0.000425801
0.000132262
0.0193372
8.19412e-08
1.67528e-06
1.04146e-08
3.28723e-08
0.000578923
1.96142e-05
3.94082e-06
1.89602e-10
1.8694e-05
2.22585e-08
0.000473348
0.458102
5.91758e-06
0.00152036
0.00199337
5.9942e-09
0.0026844
4.73021e-05
0.982201
0.000600999
0.00071391
0.00523875
0.00268563
0.00339837
4.53828e-05
2.03368e-05
5.94921e-08
4.49386e-08
9.6638e-05
8.45084e-07
0.000555121
0.00599068
0.0116741
1.85472e-07
0.980887
4.12443e-07
8.42038e-07
4.40759e-12
4.07442e-07
3.05119e-06
1.2311e-07
0.000101837
1.00396e-06
2.4177e-06
1.04445e-08
4.8649e-07
0.983462
9.35176e-10
0.000354881
0.00136179
2.27738e-06
6.11434e-07
3.4577e-10
2.96146e-06
1.0406e-08
3.18378e-09
1.41973e-10
3.54267e-07
0.00115451
0.000126969
0.000465353
4.97689e-06
1.37581e-08
4.2182e-08
1.20728e-08
4.38072e-12
0.00240454
1.83283e-07
0.0023171
0.00062421
0.150337
4.01441e-09
0.00286373
1.25479e-05
0.978973
5.49507e-06
0.9841
1.20445e-05
0.00581939
0.978948
0.97206
4.59162e-06
4.7836e-08
0.000390017
3.03207e-06
0.985824
0.00123708
8.47317e-07
8.33901e-06
5.10978e-05
0.000662404
0.000831968
0.00544628
0.983995
8.91499e-08
1.68121e-11
1.49075e-07
0.00158797
6.60404e-09
4.79835e-07
2.56716e-09
4.61099e-10
3.99872e-06
0.983642
0.000147133
0.977681
1.13225e-06
2.50415e-05
0.000669567
0.986034
0.984798
2.58198e-06
0.000101175
0.984457
6.30146e-08
0.000165739
0.981519
9.10851e-06
1.73993e-07
4.57384e-06
1.19082e-08
1.47616e-05
0.000890612
7.08341e-10
0.000447532
0.0177792
7.36457e-06
1.58575e-09
1.08232e-08
1.65306e-06
4.01509e-07
0.00467011
0.985446
3.22524e-07
0.984256
5.91325e-05
6.35575e-07
0.0123561
0.000163298
1.6487e-06
4.16693e-09
1.44584e-10
0.982835
3.72594e-07
0.000948395
7.23011e-05
3.25455e-08
1.21838e-10
2.25497e-07
2.43927e-07
3.18192e-10
4.51572e-12
0.00117142
2.52788e-08
1.02746e-06
0.956659
1.73298e-05
0.00114976
1.03911e-08
4.23498e-09
4.4265e-08
0.00102062
0.98386
4.95898e-10
2.07463e-08
0.000539097
0.000533835
6.63047e-09
1.13919e-05
1.55159e-06
0.0288302
5.04867e-05
7.76527e-06
3.24301e-05
4.70158e-09
0.000555376
1.18109e-06
3.80941e-09
0.00109823
3.43956e-10
2.84083e-06
5.99293e-05
3.94506e-08
0.0575125
4.49027e-07
1.22927e-10
0.0155014
1.18467e-07
0.00196194
2.54971e-06
4.22167e-06
9.34002e-11
0.977347
1.79754e-09
5.36372e-05
3.22326e-09
0.0747648
3.39572e-08
1.93576e-07
0.000294295
4.3271e-06
0.0168954
8.53161e-05
0.000100981
2.46757e-07
7.87636e-06
1.09414e-08
0.00113134
2.12386e-11
0.0134173
2.43135e-08
1.1155e-10
4.11922e-07
2.6239e-09
4.54219e-06
1.31594e-08
1.61002e-07
1.07771e-10
4.70209e-07
3.00066e-08
3.78288e-05
3.72919e-06
1.24884e-07
2.58049e-06
1.39851e-07
0.000172668
0.000582946
1.119e-06
0.981642
8.17609e-07
0.000346625
2.94493e-05
1.73726e-06
1.61851e-05
3.68309e-06
0.0179733
2.21915e-08
0.975639
0.984604
1.04801e-06
0.977282
1.82637e-10
1.57467e-09
0.984458
0.983602
2.03797e-09
0.000529097
1.72882e-09
0.00340746
3.42942e-06
0.984464
0.00202665
0.979624
2.33871e-10
2.05656e-07
1.00417e-05
1.8513e-08
8.18385e-11
7.41502e-10
3.0012e-06
0.00136335
0.0155963
7.98044e-06
2.80288e-06
6.9697e-05
2.65694e-08
0.00162448
5.72712e-08
0.984166
9.93006e-12
1.35799e-07
7.40128e-07
0.985812
1.05942e-10
4.26136e-06
1.9853e-09
1.81684e-10
2.53794e-09
2.20407e-07
0.985351
2.49157e-06
0.98394
5.66455e-05
0.98464
0.00181865
0.986228
0.000465958
1.43579e-09
0.000357126
6.66086e-07
7.7216e-12
1.8232e-07
7.34006e-09
8.73534e-09
0.0460706
7.17066e-06
5.44423e-10
0.000258204
3.11714e-06
3.87442e-06
1.40705e-06
0.986167
3.21576e-08
0.000659776
0.000329772
0.000127439
1.2552e-08
8.51001e-05
1.922e-09
0.00010749
2.59945e-08
5.24363e-08
0.28307
0.00677937
3.61384e-06
0.00111644
3.45618e-07
2.40082e-07
4.41211e-09
0.000142036
5.08132e-08
2.26842e-06
5.83342e-06
1.78725e-07
2.64237e-10
0.0113622
6.17178e-05
9.67982e-10
0.0750346
0.0281201
1.50192e-05
0.000282668
2.72008e-10
0.000119631
4.75419e-05
1.91467e-05
3.48555e-09
0.00178366
0.983631
2.43972e-05
2.14783e-07
2.76237e-05
5.97655e-05
0.00107373
1.04903e-09
0.00235354
6.82819e-06
0.984952
0.00788114
0.942812
3.72223e-10
2.39269e-06
1.17251e-05
1.95014e-06
6.93999e-05
1.92737e-07
0.000432331
4.44171e-11
0.000835678
2.99608e-10
0.982386
3.38574e-07
2.50613e-11
0.97472
1.10054e-09
6.26879e-06
1.45421e-06
0.000189691
1.24786e-06
2.11853e-06
8.30709e-07
9.26668e-07
0.000467173
4.33018e-06
7.35461e-09
3.51359e-05
6.13512e-06
2.10981e-06
0.986035
1.49005e-05
0.000622696
0.000308746
0.000417682
3.16976e-09
0.986213
5.12844e-10
1.37196e-06
2.27822e-08
1.81687e-05
1.41842e-05
0.00027913
8.67203e-07
1.83177e-06
0.000203952
0.000284692
9.33753e-10
8.99303e-09
1.84568e-07
0.000139935
4.46438e-08
0.00520013
1.82848e-06
0.00226051
2.18113e-08
0.00248997
2.13728e-06
1.49872e-10
1.10323e-06
5.2024e-06
1.84798e-09
1.09718e-08
1.05817e-08
1.30484e-05
1.29757e-09
0.984796
0.98513
2.57902e-06
1.29379e-11
5.40601e-06
3.73081e-05
3.19688e-05
7.51061e-05
0.000276883
0.000367694
7.56187e-07
3.67375e-06
9.57295e-05
6.57618e-11
9.20722e-09
5.55425e-08
0.000313105
4.24975e-07
0.000128803
7.27534e-06
1.38441e-06
2.00922e-09
0.0019877
9.55953e-06
0.00063159
1.16447e-11
0.00837746
4.24116e-05
0.00394481
5.63062e-07
0.843068
9.94227e-12
3.58389e-05
0.000134068
7.51245e-06
6.06242e-06
2.65597e-09
0.985648
1.16481e-09
1.55376e-06
3.77033e-05
3.53792e-10
1.15993e-10
0.0077573
0.00167585
1.22201e-07
2.29587e-05
2.11986e-07
0.000628316
7.17478e-06
4.31616e-08
0.98608
9.30821e-06
0.984469
0.00294652
1.3825e-08
0.00238964
3.98787e-06
1.18409e-06
0.000199525
5.07178e-06
0.0141932
0.977293
8.45794e-07
2.30578e-11
4.47433e-07
0.976156
1.18286e-10
7.58098e-05
1.76084e-10
1.5182e-08
0.000298927
3.98879e-10
0.00731943
0.000740755
2.11043e-06
4.47188e-10
1.86526e-05
3.27805e-09
0.0212439
2.48791e-05
3.40844e-06
5.56446e-08
1.41026e-05
7.38659e-06
0.000838801
6.89127e-09
5.28472e-06
5.01359e-08
0.00102604
0.000119457
1.59069e-08
4.67712e-06
2.73718e-08
1.78414e-05
0.000618496
2.72128e-05
0.0343523
0.106102
3.8822e-09
4.02621e-06
0.00166866
4.21009e-10
4.84711e-08
1.19725e-09
0.983513
8.64083e-10
0.0154234
1.43442e-07
9.1115e-08
0.000381043
2.46938e-11
1.47788e-08
1.87752e-08
4.36615e-05
8.92755e-11
0.985192
3.08892e-05
4.11212e-07
0.980408
1.38734e-06
1.10716e-06
7.90449e-10
2.20924e-07
4.4249e-08
1.13111e-08
1.40119e-11
0.98564
8.51502e-05
9.30395e-07
1.43919e-06
4.47781e-07
9.19354e-06
0.666291
0.00646961
8.27872e-07
1.66855e-11
3.04841e-07
1.30071e-06
4.20155e-05
8.28268e-09
3.55531e-05
6.35316e-05
0.00095223
6.86617e-08
0.006795
9.54355e-09
1.24546e-05
0.978817
3.78065e-05
2.49684e-05
4.32462e-05
8.51579e-11
0.00193695
0.010715
0.000292959
5.07059e-06
2.80368e-07
0.000175786
3.13883e-06
0.00127131
3.00037e-05
2.03266e-07
0.986081
7.35766e-10
6.2424e-08
1.15606e-08
8.53712e-09
5.13995e-05
0.000807375
3.68832e-07
2.54811e-07
0.00863273
0.00062534
2.0085e-08
2.31697e-05
0.0128235
1.09813e-06
4.57908e-07
3.01906e-06
6.22859e-07
0.986097
8.31616e-05
0.00160495
0.0086753
1.60956e-05
1.13622e-06
3.18714e-09
2.33975e-06
4.50736e-07
0.986154
9.20563e-08
0.98596
4.2458e-05
3.61096e-09
0.062062
0.00740412
0.000405426
0.00102036
4.45114e-05
1.87107e-06
1.14257e-05
6.95422e-07
1.75846e-08
0.060789
7.92144e-06
3.36995e-05
0.966647
0.00012216
6.1695e-06
3.08272e-09
1.11588e-08
0.000309952
8.87588e-10
7.59366e-08
1.75578e-06
0.000312846
8.76675e-09
2.14095e-09
0.00468009
3.75018e-10
8.32124e-06
3.47273e-05
2.22781e-09
0.0729666
0.0212957
0.00577171
4.50149e-09
0.984904
6.29197e-07
3.22757e-06
3.12834e-07
0.000198186
6.62142e-08
0.00309197
4.51877e-07
2.89878e-09
1.34285e-10
5.45368e-05
0.000597018
8.83686e-09
1.09251e-07
1.99359e-09
4.29735e-05
2.42193e-07
9.12101e-08
9.80712e-08
0.000157521
0.0013498
1.20566e-06
1.68985e-07
0.000158824
2.96979e-10
0.00296692
1.29452e-06
8.72711e-08
8.76988e-07
6.17324e-05
8.05311e-10
0.00120539
0.985888
6.90875e-10
0.00359212
9.96512e-08
4.36851e-12
7.7601e-11
1.90938e-10
7.61429e-11
0.00596307
0.00604994
1.2618e-07
0.00517275
6.67979e-11
7.49654e-09
0.000138356
4.86556e-08
1.67666e-08
3.35192e-11
1.25131e-07
0.000460552
2.61246e-06
1.75649e-09
0.000334967
0.000190919
0.00293707
0.000205264
6.28368e-06
2.36646e-07
0.984564
2.43138e-07
0.000225347
5.36446e-07
1.26096e-06
5.38561e-09
5.00289e-12
0.0110017
3.17043e-05
1.64034e-06
0.000367357
2.45743e-06
1.27354e-11
5.15593e-10
0.00446718
2.21973e-08
0.00717963
4.92914e-07
0.986128
2.30795e-05
1.34096e-07
0.000866847
3.98918e-07
0.000224176
2.54033e-06
1.54821e-06
5.78368e-11
2.56686e-07
0.00173286
2.77912e-05
1.53345e-05
8.02023e-10
1.44576e-06
0.954182
1.87272e-07
0.980423
5.74867e-09
4.44522e-08
0.0105323
0.0109862
4.38805e-12
0.00691053
4.81258e-05
1.79423e-06
0.985028
3.87627e-08
0.144521
6.1515e-09
0.985518
2.43392e-10
3.96524e-09
1.48545e-09
0.00373457
0.00162284
1.38514e-05
9.80584e-07
0.000455628
2.30627e-08
0.0104335
1.37992e-11
1.2807e-08
0.00110672
7.70793e-09
0.984416
5.75808e-05
4.65346e-06
3.77317e-06
8.13373e-06
8.13063e-08
0.000248299
0.00420653
1.4907e-06
0.012908
0.000940588
1.72071e-08
2.28186e-07
0.98497
0.0154057
0.986247
3.0401e-11
0.971742
0.000413397
9.29036e-05
0.000273773
1.38403e-07
0.0855624
2.68883e-09
2.20714e-10
4.94684e-05
0.985569
0.983751
6.4446e-07
9.56501e-10
6.59033e-07
2.84357e-11
2.53679e-05
6.6178e-07
5.96202e-09
0.000247643
2.88267e-11
1.13339e-08
2.5283e-10
3.67032e-05
0.971789
0.0009252
0.000440631
0.000252406
0.00249949
1.63629e-11
4.46166e-10
0.000452782
8.80679e-06
0.000624799
0.000247247
0.000546626
4.05275e-06
0.00747412
0.0139636
4.67439e-07
0.972682
0.0043829
0.000223191
0.985506
0.00117378
2.25701e-06
0.000757281
0.000236076
5.7261e-05
5.03526e-11
0.000353511
0.98529
0.0230385
6.27333e-07
1.16605e-05
6.69958e-07
1.37738e-10
0.986269
3.66545e-06
4.62264e-05
0.335093
1.22662e-07
0.00502131
0.00303901
0.984087
1.3267e-05
5.83956e-09
0.0163362
0.000496518
3.57825e-08
1.32542e-05
7.02363e-07
0.000590041
0.00130164
0.000263591
1.12858e-08
0.00047496
1.07441e-08
2.22338e-07
0.000100394
2.40202e-08
1.40247e-05
4.03187e-07
2.12161e-08
0.000205066
0.981202
2.38795e-07
5.61083e-06
0.000191232
3.70714e-10
4.19651e-07
1.8947e-07
9.84746e-09
1.36089e-09
7.04659e-05
7.36759e-08
2.70668e-06
6.21091e-06
6.74593e-07
8.87233e-11
0.00492471
7.24887e-07
1.59682e-09
0.0030784
3.95789e-05
0.00011617
2.06235e-11
2.77444e-10
2.31129e-09
0.000415681
8.4797e-05
6.51443e-10
1.0301e-05
0.0111335
0.000246771
1.06294e-06
0.0140292
2.33941e-08
0.000398667
7.16753e-05
2.11397e-09
9.13129e-10
1.00989e-07
0.000353935
5.58055e-05
0.000571643
0.000142945
1.30945e-08
3.09121e-09
0.000272125
0.00194511
3.07053e-07
4.29276e-06
4.4369e-12
0.00772608
2.75697e-06
0.00628499
9.55369e-12
5.86264e-06
0.17476
3.00583e-05
2.38515e-08
7.5093e-07
9.07545e-11
5.14689e-06
0.0653547
1.67251e-11
2.85131e-06
1.24275e-05
7.35623e-07
2.18182e-07
7.95014e-08
8.71027e-06
0.000223438
0.00648237
4.28192e-06
0.00118433
2.5976e-07
3.87868e-08
7.45545e-05
0.000345644
0.930448
1.19283e-06
1.8994e-06
0.000293586
2.5929e-07
0.00609204
0.000747063
0.986136
7.41457e-09
3.29867e-05
1.0355e-10
0.000882549
0.000710314
0.955726
5.18942e-07
1.07848e-08
6.49704e-05
2.20618e-07
0.0503161
1.44586e-05
1.16815e-09
3.69198e-05
2.25741e-06
3.48406e-11
4.21449e-08
0.000327865
0.000214666
0.00150812
0.985432
2.93789e-07
0.000493422
1.25337e-08
8.69913e-09
0.000702986
0.0019436
1.23655e-06
9.40749e-05
4.76486e-05
0.986329
0.985493
5.23921e-06
6.09518e-09
1.75126e-06
0.00316356
0.000313324
0.000689279
2.35826e-10
2.55176e-08
0.985588
8.59999e-07
1.99711e-05
1.58319e-10
0.00789457
2.60823e-06
3.09121e-08
9.64356e-06
2.70562e-08
2.92525e-06
0.00140777
0.0419759
0.000717215
4.37606e-12
0.000125921
6.91473e-09
1.20793e-09
0.986272
0.000441143
1.04843e-07
0.981605
1.98341e-09
3.5653e-07
8.80908e-06
0.00211283
0.00386455
0.98238
4.32619e-05
5.38485e-07
0.000814503
3.34183e-09
0.0247826
0.00015432
1.9617e-08
4.12002e-07
7.37927e-10
0.000353291
0.966102
4.59521e-12
3.82693e-05
3.78524e-07
7.93138e-07
0.00144305
2.01498e-09
0.000102009
1.25091e-11
0.00012885
1.58834e-07
0.00736728
0.00169301
0.981497
0.00158376
0.00535483
1.0176e-05
0.00155463
0.000197814
6.28877e-08
2.20321e-07
8.16987e-05
7.56976e-06
2.91812e-05
6.37241e-06
6.27876e-12
0.00101266
0.000123596
0.000278647
2.13428e-09
2.28618e-08
0.00184817
1.91413e-07
8.55055e-07
4.76901e-05
0.00272438
1.33169e-07
0.000517926
1.31812e-08
0.0102034
0.000194534
0.0137731
0.00808383
0.000128176
0.000756374
0.00948459
0.983645
1.16375e-10
1.21723e-07
6.82705e-08
3.79474e-09
0.000102958
9.4809e-11
0.000120989
2.43021e-05
4.06096e-07
1.77543e-05
0.85833
0.000198034
3.41716e-10
6.44867e-06
6.46573e-07
5.09753e-08
0.0045686
2.44159e-07
0.985743
0.000561641
0.0092838
3.41222e-08
3.46525e-09
1.22897e-10
0.000480353
4.50424e-11
1.0681e-08
0.984625
3.34091e-08
0.00854228
0.985776
1.86137e-06
0.000755156
0.985893
5.79045e-07
3.38276e-05
3.15515e-10
2.06271e-11
1.02434e-06
1.9096e-06
3.67605e-09
8.0927e-05
9.7461e-10
0.000831616
0.000392444
0.00460161
9.76135e-11
1.04895e-09
0.113958
9.20896e-05
0.00154689
0.000101033
0.000883418
0.975959
0.05471
0.0021181
4.91459e-10
0.00050829
8.42393e-12
6.96365e-05
0.00283667
1.59029e-05
8.01758e-07
0.981508
1.15928e-07
2.54316e-06
5.94707e-11
0.0105727
0.983203
0.181978
0.0233919
0.0273704
2.26695e-10
2.87881e-06
8.61921e-05
1.8157e-11
0.000242919
8.81513e-06
0.0115118
0.0138192
0.985461
0.00012072
5.93571e-05
2.28608e-05
1.15458e-08
8.09958e-05
2.18726e-07
6.69328e-05
0.0299137
3.85071e-06
7.63788e-09
5.6414e-11
0.000630416
5.42957e-07
0.000591489
7.22171e-10
6.17547e-06
2.75487e-08
5.51693e-06
8.5912e-06
3.50245e-09
0.986007
2.91481e-10
0.000562584
1.36308e-05
0.00986095
5.48882e-09
1.6692e-09
0.000163615
5.29379e-06
2.66274e-06
1.64307e-06
1.3364e-11
0.00110881
5.86175e-05
0.00607647
0.00180116
0.0147673
9.06759e-11
0.000804366
0.0147144
6.00074e-10
0.0100379
1.4045e-10
2.55927e-05
0.214152
1.72258e-11
0.00594671
5.03959e-07
9.65717e-07
6.48432e-09
2.59603e-08
2.32624e-09
0.984653
0.000118106
0.00834961
0.000512258
9.50687e-08
0.986303
0.981934
0.000102458
5.08804e-11
2.03199e-07
0.983712
2.58412e-10
8.30604e-11
1.96105e-11
2.37546e-10
0.00506239
0.00123308
0.000221582
1.62803e-09
0.981473
0.985535
0.00021481
0.000132821
3.26073e-09
0.0198607
0.00633245
2.16989e-08
1.15956e-08
0.00220874
2.42522e-09
3.48479e-08
2.16916e-08
1.4649e-07
1.08387e-10
0.982209
8.13612e-07
0.983844
1.29924e-08
7.38918e-07
8.03906e-11
1.7169e-05
2.05664e-05
0.00397083
0.000118346
1.19457e-05
3.74148e-05
3.24857e-07
6.10774e-09
3.97711e-08
7.82092e-11
5.68444e-07
6.40272e-08
1.68219e-09
0.000523592
1.86447e-10
0.978205
2.71558e-08
0.000432475
2.54098e-07
1.25718e-05
2.36957e-11
6.86253e-05
2.54087e-08
0.000411344
0.98355
0.000118785
6.9541e-06
0.0287167
1.2048e-09
5.64923e-05
2.69231e-08
0.000124385
9.65685e-09
5.34366e-06
0.984233
1.95163e-10
1.25302e-06
4.19531e-07
0.000194781
7.40631e-07
0.974588
2.89644e-11
0.00289278
3.40437e-05
2.11525e-06
4.77847e-07
0.981403
1.18387e-10
5.11363e-07
1.75893e-05
1.37228e-05
2.92492e-05
1.52631e-09
1.7693e-08
4.88418e-05
0.000941379
0.00032679
3.09492e-05
2.13367e-09
0.0258101
1.68019e-05
6.75456e-07
0.0021671
9.20235e-05
5.73045e-10
3.16073e-09
0.00260364
2.3095e-08
0.00147371
0.211682
7.22804e-05
0.00152175
1.1495e-06
9.89981e-10
7.46126e-05
1.14331e-07
0.00363055
2.09447e-07
0.000256046
5.31071e-07
4.51231e-09
0.0353496
0.00110626
0.272177
0.0799629
0.000618769
4.07644e-10
0.000259946
0.986125
7.6201e-09
0.00106233
1.6261e-06
0.000345786
2.18982e-06
0.00912121
4.89816e-09
0.0001393
4.09945e-05
0.000288815
4.79384e-06
3.66428e-05
0.00241624
3.70549e-08
4.87465e-09
0.000306258
2.89442e-08
1.1447e-06
5.77294e-07
2.82034e-08
2.75842e-11
0.000281038
0.000461809
0.104707
4.73705e-08
1.42598e-05
0.0020913
3.99076e-05
0.00204345
2.95254e-05
0.097658
5.46394e-07
5.40561e-05
7.60723e-07
3.46767e-05
2.2446e-09
1.19877e-05
2.25752e-05
2.18744e-08
8.61948e-10
0.000805211
0.000154159
0.00247198
4.33929e-07
4.15072e-05
8.39708e-11
2.98131e-09
2.00257e-07
1.34865e-05
2.88102e-05
5.53138e-10
5.73863e-06
8.89902e-07
9.41765e-07
4.52757e-08
1.25672e-09
5.28595e-05
5.78063e-08
0.0275213
2.48508e-10
0.00383345
0.00439767
0.978751
2.84069e-06
1.38506e-09
0.00015483
1.97126e-05
0.000781746
8.97398e-07
9.3698e-10
2.85175e-08
0.985971
0.981748
1.59211e-10
0.000140236
1.10712e-07
3.69086e-05
2.58538e-06
7.99175e-05
0.00790788
0.00279396
0.000371682
0.0167203
1.98068e-11
1.74465e-06
0.000151884
1.44499e-09
0.0113615
0.00683411
0.985173
0.0215288
6.4359e-07
2.4758e-09
0.0337021
1.96696e-07
7.48931e-06
1.89764e-06
0.00572234
9.61661e-09
4.83348e-08
7.1653e-06
1.25162e-06
0.000106192
2.87827e-10
2.90631e-08
8.21544e-08
2.24406e-06
3.06123e-10
8.15901e-11
1.4077e-07
0.00455532
0.000123039
2.82804e-08
5.94285e-05
2.20678e-09
1.14772e-07
1.9825e-08
2.38793e-06
0.164808
0.00540265
0.986177
3.72745e-09
3.65777e-06
0.000123978
0.000181374
0.979522
0.982823
3.44593e-06
0.0200121
1.67524e-09
7.9869e-05
1.43474e-06
7.32234e-06
0.0180287
0.0028117
5.99352e-07
0.0129496
3.99657e-08
2.94448e-10
6.07802e-07
0.00015735
1.30551e-05
3.30333e-05
0.0110294
3.48012e-07
1.73642e-05
0.000430889
2.23864e-06
3.95432e-10
5.20543e-06
2.54957e-05
1.58591e-07
3.38027e-11
5.92787e-06
0.986091
4.41291e-12
0.984378
0.00308846
0.983529
5.37595e-08
3.30438e-06
4.1917e-07
1.62105e-09
0.00578214
1.82141e-07
0.0164539
0.00437759
2.6267e-07
0.000916753
3.26269e-08
3.24524e-10
3.03978e-09
4.98319e-06
0.986047
2.01398e-07
7.68965e-09
4.16588e-07
1.16173e-06
1.67744e-06
0.000175987
2.97147e-07
1.0975e-08
0.00805227
0.734546
0.985326
1.12178e-08
1.1503e-11
0.000771526
5.11847e-08
0.0353488
0.0073322
0.00199897
0.00195852
7.91899e-09
9.75235e-07
0.983242
1.02904e-07
3.22327e-07
4.02651e-08
8.2802e-05
3.72822e-07
1.12339e-08
1.89632e-05
0.0200005
7.36836e-09
4.06218e-06
4.98539e-05
4.89805e-06
2.8823e-05
3.30671e-05
7.19067e-06
5.21884e-09
1.00655e-07
3.91343e-05
9.67836e-10
0.983997
4.43398e-08
6.92598e-06
0.0220835
6.08853e-06
0.000623299
4.35658e-05
0.98111
7.75157e-08
0.000110785
9.43536e-05
0.00898033
0.000636201
1.70842e-05
0.024129
2.34086e-07
6.85894e-06
1.14136e-08
6.87235e-05
0.973191
8.58728e-10
2.22824e-11
0.0173334
5.51664e-07
9.86967e-09
0.00297062
2.23659e-07
1.11542e-09
3.55838e-06
9.99012e-09
1.85823e-05
4.48079e-06
2.88459e-06
0.0250278
0.00159865
1.06267e-05
4.227e-05
6.91756e-11
0.000197755
0.000523356
5.85786e-06
1.15322e-10
0.000360048
1.64483e-08
0.000283298
1.01848e-08
2.1481e-06
9.24875e-06
0.00017406
4.4509e-05
0.0474289
2.47339e-07
0.000431658
0.986147
2.75699e-05
4.9254e-05
2.48973e-05
0.985792
1.97535e-10
1.40669e-10
0.000149035
2.15077e-08
3.45857e-05
0.000585859
2.33862e-10
3.86525e-08
7.10872e-09
0.000212997
2.7112e-06
3.36619e-07
0.000192489
1.47733e-07
5.67458e-08
5.53768e-09
0.00064703
1.74301e-09
0.00102199
9.70077e-11
0.0484456
2.65535e-06
1.43274e-05
0.000587727
3.52131e-10
2.78131e-11
2.63765e-06
0.00378896
0.000108811
1.65674e-10
2.13797e-06
1.54315e-08
1.38086e-05
1.18787e-08
1.95054e-07
5.49334e-10
6.46919e-05
1.37841e-06
0.00732343
4.49588e-07
0.00102835
0.526972
2.96051e-06
7.86356e-08
5.65276e-05
0.00016017
0.0078005
0.923863
0.000133509
2.40089e-09
7.39868e-07
0.000267502
0.983578
0.949074
0.00178993
6.02959e-06
1.67056e-09
0.00014367
2.59464e-06
1.70726e-08
0.986309
0.00181635
9.2307e-08
3.31289e-06
0.0159293
0.985305
0.958039
3.691e-07
0.00972101
7.08477e-05
7.0917e-08
0.000127363
2.95449e-06
0.00364841
7.79268e-10
0.00023367
9.79042e-05
2.195e-09
8.21455e-10
8.00216e-07
0.0199712
1.98403e-08
0.020907
5.89776e-05
0.00016987
0.000401752
0.192221
2.8252e-08
4.03133e-06
0.0162674
0.000723565
2.44911e-05
5.05001e-05
0.00161336
3.28325e-10
5.46672e-07
0.000253465
0.00934777
5.39869e-08
7.80258e-08
0.00477517
5.03091e-08
0.950696
0.000190131
0.985165
1.54362e-07
0.00360621
1.4619e-08
0.597264
3.06783e-08
0.000183232
0.00332515
4.44378e-12
2.55742e-11
0.000120326
2.02175e-09
1.97558e-09
1.95482e-07
7.51503e-05
0.00102342
3.91559e-09
4.1314e-08
8.04795e-10
1.14936e-09
6.62704e-06
2.44642e-07
4.2147e-06
1.42626e-06
1.37409e-05
1.036e-09
8.68497e-10
5.95277e-08
4.20488e-06
0.000596339
4.37683e-07
0.974869
4.45492e-07
0.000153483
0.0278198
3.39212e-07
2.44088e-05
9.19412e-10
0.000520946
0.959358
3.93796e-09
0.985754
3.69334e-05
0.00312104
0.00192364
4.47168e-09
2.08158e-06
0.000290259
2.28585e-06
1.34936e-05
0.000155502
4.95791e-05
2.14336e-07
3.43266e-06
1.23642e-09
0.0222266
3.6622e-08
1.89422e-05
0.00683699
5.70547e-06
0.782174
6.68042e-05
1.83472e-06
0.985004
0.0349739
3.35648e-06
9.32048e-10
1.63111e-05
0.12995
0.0104597
2.7033e-05
4.49448e-07
0.0039501
0.000857343
2.977e-09
0.00390628
1.61582e-06
0.000444624
1.51393e-06
1.91722e-11
6.24086e-05
5.63149e-05
0.976408
0.00371158
1.28203e-08
1.07457e-06
0.0189438
2.16945e-08
1.11607e-07
0.640113
0.00148196
0.9758
3.72015e-07
8.25083e-06
0.00400245
4.08258e-05
4.85333e-07
1.2024e-05
3.49228e-08
1.41035e-07
1.54232e-07
2.11507e-09
3.85647e-07
1.82081e-06
1.11243e-05
1.66773e-05
1.29281e-07
0.00251177
1.37642e-09
8.49821e-06
3.80507e-05
0.000180154
4.15939e-07
0.000988173
3.30525e-10
0.00091105
4.26867e-11
5.74717e-06
2.80272e-06
0.983982
1.95288e-09
2.03216e-08
0.979146
1.01627e-07
6.97341e-06
0.000705027
5.1079e-08
0.000314602
4.06462e-05
2.86542e-07
0.0004972
0.338182
3.7592e-05
1.66944e-07
7.47063e-05
4.44571e-11
7.54019e-12
8.32021e-06
0.0594852
1.3928e-05
1.27182e-07
6.51351e-06
0.21584
3.73043e-10
5.17114e-06
0.00957815
1.89754e-07
0.00304229
5.48938e-05
0.0252874
5.15895e-07
1.4497e-05
0.985336
1.86741e-08
6.966e-05
1.13764e-06
1.48254e-05
1.11034e-06
5.92971e-05
0.00108143
0.00180414
3.24079e-06
7.97147e-07
7.25299e-06
3.82285e-07
6.89904e-05
6.8715e-06
3.33983e-05
0.00763261
9.39645e-10
0.965835
0.00782353
0.985735
0.000213378
6.60073e-09
5.09844e-09
1.08092e-09
0.000662993
5.2307e-11
0.867885
0.0294307
2.61771e-06
3.00902e-08
5.44119e-05
0.00138397
6.42876e-09
1.58454e-05
0.028129
2.42584e-05
0.00143658
0.000405814
5.65949e-09
6.90481e-08
0.0156253
0.00407026
0.986006
5.96505e-09
0.0771446
0.0150169
7.75379e-07
2.90049e-09
0.000905259
4.05915e-09
0.000105612
8.34811e-06
0.986015
4.19608e-10
2.59976e-08
1.06179e-10
3.92395e-08
0.00185795
0.977791
6.03426e-06
9.42452e-08
0.000749524
3.87205e-06
0.00167213
0.985234
2.17705e-10
0.00125726
4.56406e-06
2.98311e-06
6.50683e-09
7.054e-09
0.0905657
7.54112e-08
0.00784675
1.32833e-08
2.11479e-07
0.262638
2.715e-06
0.0300211
6.91247e-12
2.73722e-09
1.80756e-07
1.85341e-05
3.94689e-07
0.978269
5.1894e-10
2.62445e-06
6.44378e-05
0.000406407
3.13166e-05
4.23066e-06
4.49712e-09
0.0109782
5.6931e-06
2.93204e-09
1.8075e-06
4.63357e-07
0.00152166
1.82004e-06
1.31723e-08
9.6265e-09
0.000378762
1.15335e-09
1.35178e-05
4.20297e-06
5.63198e-09
8.75385e-06
0.00110721
1.44002e-06
1.32849e-06
1.45656e-07
0.983222
3.21063e-10
0.0527761
0.00350669
3.02572e-06
0.00123278
1.3954e-06
1.46447e-09
3.43267e-06
3.31078e-07
2.24587e-09
0.0762779
0.984228
0.98153
3.30822e-07
0.0518951
1.86106e-05
2.2239e-10
5.39422e-09
1.78674e-07
3.84762e-06
0.98623
0.0107496
2.49871e-08
0.000123875
1.30015e-06
7.12581e-07
0.0204299
1.23656e-08
3.73906e-10
0.00496975
2.52735e-09
3.00982e-08
4.75382e-09
1.31767e-06
0.000154908
0.107895
5.1626e-05
4.74688e-07
2.18114e-06
6.91949e-07
