6.78993e-10
1.37216e-10
0.0231202
5.9545e-05
3.20692e-05
2.20474e-06
2.02958e-05
1.00692e-05
3.39358e-06
0.00346997
3.58486e-05
3.1746e-07
3.58726e-10
1.80943e-05
2.01698e-05
9.61663e-10
6.19438e-12
1.35591e-07
0.985162
9.56076e-05
2.96616e-11
0.0739296
9.98112e-05
1.18656e-08
2.58219e-10
0.98315
0.985143
1.26378e-06
1.09345e-08
3.00443e-09
1.03884e-11
5.12568e-10
1.34176e-05
0.000205035
1.85618e-11
5.06554e-08
1.80987e-05
0.985242
3.64427e-06
0.000164357
1.00856e-08
2.6197e-11
0.965974
0.000784101
1.69306e-10
7.86612e-09
5.70453e-08
5.82238e-07
0.000348286
5.50701e-09
5.93375e-05
9.3465e-05
0.000158766
0.00827858
7.31153e-06
2.51714e-11
0.985204
1.03811e-10
0.00150865
0.000119508
7.73763e-06
0.227049
2.68094e-06
0.983264
1.2966e-06
1.59355e-11
2.19042e-07
1.4811e-08
2.96991e-09
4.34841e-08
9.1843e-11
0.000802736
0.985115
9.2227e-09
1.26911e-08
3.13369e-05
2.14275e-10
0.000177764
3.96509e-07
0.0105202
1.24034e-11
9.11751e-09
0.000902632
0.983373
6.72579e-05
1.70066e-10
9.73237e-08
0.000178653
1.21802e-06
9.18732e-12
0.950791
0.984828
1.67791e-09
2.94704e-07
1.65968e-07
0.944805
0.000100897
5.67888e-06
6.44569e-09
0.981197
9.1567e-07
0.000141801
0.000737122
0.0297237
8.44702e-12
9.15149e-08
0.00848379
0.000269035
0.000289501
3.18835e-07
1.06061e-06
0.000144451
1.08187e-11
9.69114e-12
1.34173e-09
3.48504e-07
0.000832731
8.75354e-07
0.984844
2.14993e-10
5.47189e-07
1.69863e-07
0.197479
0.0210944
0.958449
1.68123e-07
1.6199e-10
9.81629e-09
3.05948e-07
2.30614e-06
8.00566e-09
1.06612e-11
0.0174037
1.35368e-06
0.00259449
7.08158e-07
1.8786e-05
2.80845e-07
1.94046e-07
0.207481
0.00826846
0.117705
0.00245598
9.67537e-12
1.19023e-11
1.50294e-10
0.0532512
0.000399382
2.11016e-10
7.33234e-05
3.74934e-10
5.60872e-09
0.983481
0.485962
0.983389
2.0395e-09
3.59667e-09
0.0778587
0.981006
0.000355983
1.38909e-06
0.97948
0.0105549
8.28021e-10
0.00240082
3.01844e-05
2.12885e-11
2.82545e-09
1.82391e-09
2.49218e-09
0.0430387
1.96188e-11
0.112312
0.719848
4.91716e-11
4.4983e-08
3.45974e-11
1.49583e-10
0.0165388
2.71605e-12
0.00401019
6.6807e-07
0.0305539
0.00122422
2.12519e-05
9.21384e-07
1.69997e-11
7.5195e-09
0.979007
4.2321e-07
1.07074e-09
0.000169715
7.58044e-09
0.985155
0.0846796
4.24095e-10
6.39601e-08
4.03591e-08
1.81011e-09
1.21649e-09
6.51875e-09
0.0112373
1.48842e-10
4.42242e-09
0.00159198
0.984953
4.70659e-11
5.09446e-07
0.000810249
7.31536e-05
4.53304e-12
2.73448e-12
0.0270006
3.5171e-07
0.00132673
3.52756e-09
3.90672e-09
0.000225653
8.13347e-07
2.09236e-06
1.30058e-10
5.03068e-06
0.0058078
0.984655
2.90852e-06
2.53197e-12
0.00169631
5.41352e-08
0.980606
2.76231e-05
2.91612e-08
6.62388e-08
5.9874e-06
4.47007e-11
8.36088e-09
1.08547e-06
3.3169e-09
0.000746209
7.31102e-11
0.00327715
2.23693e-07
3.49527e-10
0.00234821
4.06641e-06
1.97919e-11
1.90361e-11
0.0512005
1.5811e-10
3.41727e-12
0.000242374
0.984218
2.81553e-11
0.0138714
2.21611e-08
0.0245033
0.381278
1.07934e-05
0.880524
3.60078e-07
0.984436
7.35111e-08
0.00598239
0.022198
2.15599e-06
1.38854e-08
0.030219
7.10946e-09
0.00106424
0.000116089
5.64356e-07
3.63433e-07
0.979349
0.973626
0.0136596
5.18221e-09
0.000546505
0.044874
0.000142228
3.98389e-05
1.96157e-10
9.11314e-07
4.35449e-10
4.82122e-05
3.60194e-11
0.0174248
0.983961
6.71774e-12
1.70895e-09
2.95054e-07
0.0461597
4.35401e-06
3.18901e-05
0.00704462
0.138471
7.65726e-05
0.00418541
7.66025e-11
0.000512557
0.000450906
8.9464e-12
0.77521
0.977234
6.42664e-12
0.0309591
0.0286648
3.17478e-05
6.9219e-07
2.9563e-12
0.0019368
3.79425e-10
2.62343e-07
0.983674
8.72889e-07
0.000437048
4.49897e-06
1.57937e-10
0.070202
7.00748e-08
1.66749e-08
0.000502261
1.79902e-09
4.77961e-06
2.34454e-06
2.6032e-10
1.96461e-10
0.0022673
4.05087e-09
2.91801e-08
7.97875e-10
0.0536131
6.8002e-11
8.04766e-08
0.980927
1.86398e-10
0.0154869
0.000199204
6.23239e-11
2.18795e-07
2.62775e-06
4.42404e-09
0.100086
1.25622e-07
5.12967e-06
0.0282515
0.00325799
1.86132e-08
1.31879e-10
0.00189944
3.03964e-09
0.981966
2.75098e-10
0.000111421
2.44911e-09
2.8253e-12
0.00337333
6.59676e-07
1.30248e-05
1.97786e-05
1.21993e-06
2.36633e-07
3.51855e-05
1.02403e-06
0.00220111
2.24862e-07
2.44142e-11
2.04668e-07
0.000770996
0.103375
0.00499125
0.00296879
2.54015e-05
1.77115e-10
5.28106e-05
7.1287e-06
3.72489e-08
0.000139394
7.5558e-11
1.11982e-09
5.37659e-12
1.63081e-10
1.13194e-08
4.79064e-09
2.51556e-06
7.34522e-05
2.93806e-05
0.000881534
0.000936361
1.08718e-09
4.12549e-09
0.983002
3.71814e-12
6.95601e-11
5.6529e-08
4.97894e-10
0.00380658
1.25615e-07
0.000196798
0.000127044
4.88527e-05
0.00262611
5.5429e-12
3.01055e-11
0.98434
2.12305e-10
2.72082e-06
0.00713344
8.02351e-07
0.000401617
9.4172e-05
4.01538e-07
2.47726e-06
0.984633
2.49911e-08
8.15854e-11
5.2427e-12
0.0315595
3.43037e-05
0.000366042
9.13887e-10
3.16137e-09
9.97716e-06
5.38646e-06
2.10703e-07
1.56967e-08
0.17671
3.12248e-09
3.91336e-05
6.92817e-07
3.49569e-06
7.39183e-08
4.27665e-05
0.00217516
2.90069e-07
4.84e-11
1.47018e-07
5.96234e-12
0.000314641
2.36932e-05
5.14546e-09
8.73635e-08
0.00238534
0.00789803
7.05408e-05
1.23957e-05
2.99227e-11
0.000141361
1.56508e-06
0.00616212
5.45061e-08
1.26175e-06
9.263e-07
2.31178e-07
3.28931e-08
0.0015568
9.4577e-06
3.25534e-07
6.04747e-08
1.98177e-09
0.015939
6.76897e-10
0.0120058
1.20196e-05
6.47305e-08
0.000539491
1.87209e-08
2.17177e-11
0.984816
1.02335e-09
4.27874e-10
1.82336e-08
1.28562e-05
5.7117e-07
1.84933e-08
0.00070987
1.32862e-07
3.75706e-06
4.52341e-07
5.17756e-05
0.000110262
0.00316516
5.07083e-12
0.00033421
5.33044e-06
3.34143e-07
6.25757e-10
8.60845e-12
8.04834e-11
1.12258e-07
3.19546e-06
3.55991e-09
1.66376e-11
0.000490752
1.02401e-07
2.86962e-10
0.0389022
0.0340428
2.27746e-10
0.00888243
1.02018e-11
4.52527e-12
0.000154541
5.1035e-05
0.0179803
6.10634e-09
0.0843753
0.000276638
2.48416e-10
0.00214051
0.982771
9.33998e-09
8.70476e-06
2.59326e-11
0.00139729
2.21473e-07
2.37684e-06
2.09976e-08
0.969934
5.51601e-11
1.37015e-05
8.37674e-08
0.983195
0.00739851
4.49611e-06
0.00114455
1.61084e-08
2.71503e-10
7.4399e-07
7.00186e-10
3.35799e-06
2.46033e-09
3.694e-08
0.00305556
5.09992e-12
2.02315e-05
5.33944e-09
2.3782e-05
1.46088e-05
4.33406e-10
2.75621e-09
0.976924
7.02234e-06
1.5227e-05
8.07669e-10
0.00224268
0.00164656
0.000158471
0.103377
2.70693e-05
3.0184e-08
0.000271165
0.000151191
5.36578e-09
1.43721e-07
8.37658e-07
2.2509e-07
0.0208912
4.16827e-11
1.17979e-07
0.000641052
6.29009e-09
1.78463e-05
2.46209e-09
8.03747e-07
2.78161e-05
2.52398e-12
0.000269283
8.68826e-10
0.00113136
2.68442e-10
0.984764
6.02784e-12
0.0839921
1.00366e-05
1.46724e-09
1.65973e-10
0.476869
1.83027e-06
7.68568e-06
0.385131
4.60821e-06
0.0045225
0.000905861
0.000466318
6.67048e-09
0.984933
4.04701e-07
1.92169e-05
1.28405e-06
1.19171e-08
0.984385
0.00104894
7.2689e-09
1.08529e-06
8.37195e-06
1.45808e-06
1.0097e-05
0.000525481
0.350714
2.44696e-08
0.00979959
0.000123522
1.51201e-08
0.000917267
7.22933e-12
4.73696e-10
9.49993e-10
8.95528e-12
7.0946e-08
4.82522e-10
7.32774e-11
0.984296
5.66303e-12
0.00276449
0.00890196
0.00195702
6.69566e-09
9.79746e-10
2.26339e-06
9.61457e-09
0.983637
0.984615
5.0232e-09
0.00950486
9.66516e-12
0.0659764
0.984878
8.83136e-10
0.0192027
3.69648e-10
0.0492833
2.03351e-11
2.16429e-07
0.98343
3.49947e-09
0.0755454
3.77448e-10
1.55629e-10
7.83074e-11
1.2367e-08
0.00807319
0.00433136
2.89985e-05
0.000483265
6.26525e-06
7.1039e-10
7.25513e-11
0.972594
6.12869e-07
0.000157682
1.68881e-05
1.02514e-06
8.48965e-05
0.00185043
1.78611e-10
1.3068e-09
0.00203149
2.74121e-06
1.04239e-06
1.64646e-05
2.38749e-10
3.86117e-10
0.00727858
2.22771e-05
0.0129736
1.91089e-07
2.09583e-06
9.43956e-12
6.48254e-09
0.000258785
0.00220335
3.75145e-08
0.979581
0.0014893
2.04874e-11
0.000685383
0.000500162
1.11522e-08
2.23837e-11
0.00131936
3.44413e-11
3.94037e-10
6.95777e-12
6.37528e-05
0.142921
1.18123e-06
1.12642e-06
8.98795e-05
3.93951e-07
5.72554e-08
5.72699e-06
0.00121963
4.25332e-05
3.94999e-06
3.20132e-06
0.937508
0.0159763
1.55678e-09
1.34785e-05
7.05898e-09
7.05917e-10
3.6317e-07
6.99313e-07
4.49449e-05
1.77396e-05
1.93512e-10
3.43536e-11
0.0129141
1.16722e-05
2.82732e-11
0.000260171
0.0460853
1.23422e-07
5.61804e-05
0.00010442
7.00106e-10
1.26336e-10
2.52431e-06
2.03968e-11
4.97934e-06
0.00031093
8.46146e-05
8.83231e-05
2.45108e-06
2.2473e-08
1.36915e-07
3.80693e-11
2.58801e-07
4.94445e-09
6.1927e-05
2.0095e-05
0.000311237
0.07971
2.67232e-09
0.000646126
1.92013e-10
0.580766
1.25204e-09
1.46092e-05
7.02737e-10
1.70324e-06
8.9976e-06
2.49467e-07
0.0135691
2.25865e-08
9.58062e-07
3.10877e-07
1.0167e-10
7.19969e-10
0.985013
1.86417e-08
0.00147875
0.000482418
1.06009e-11
4.95573e-06
0.114846
1.30184e-10
4.10243e-11
0.00266604
0.000180502
7.07373e-06
0.00109268
1.34213e-06
0.000876959
1.49007e-06
0.000218228
7.69851e-12
1.37539e-11
1.18856e-09
0.963831
2.01142e-10
0.00742352
0.985145
0.980591
8.28112e-07
0.981826
0.000113512
5.67366e-05
1.49788e-08
1.45784e-06
1.84852e-08
3.84328e-11
4.29357e-05
3.57425e-08
0.00275116
0.00215427
0.000315074
8.05799e-08
7.67499e-11
1.06534e-05
8.92482e-09
2.33631e-07
0.984934
0.0123607
2.38398e-06
8.33805e-07
6.05302e-10
0.983764
0.632884
2.2029e-08
0.000433171
2.31082e-08
0.0127022
0.896336
5.48878e-09
0.00303162
8.07132e-12
4.92059e-06
5.58847e-09
2.42348e-06
2.14957e-07
2.93486e-06
8.57024e-08
3.24829e-12
0.0294748
6.86392e-05
0.124432
2.43062e-07
0.00284668
1.60921e-09
0.000181761
1.03721e-08
2.14857e-11
4.34548e-08
0.48301
3.44123e-11
1.4935e-07
1.07725e-06
0.000110398
6.08845e-09
0.000555443
2.60209e-06
0.00231373
0.00277932
6.89221e-05
1.53855e-06
1.39228e-10
3.74615e-09
2.25604e-10
0.00114522
1.61824e-11
1.01487e-05
8.88201e-12
0.00132504
3.63136e-05
5.78093e-10
0.00440495
0.984321
1.77791e-11
1.40562e-08
6.75908e-10
7.44698e-11
3.87679e-07
2.67693e-10
0.447305
2.07202e-09
0.961711
0.0672257
1.31001e-05
0.982916
1.41678e-11
1.5351e-05
0.0869941
8.71347e-12
0.000202251
0.00455474
5.39043e-09
1.66907e-10
7.63301e-05
0.000416912
6.81876e-05
8.44214e-08
0.159653
0.00609503
9.20988e-11
3.08553e-09
8.94203e-05
6.08247e-06
0.000507923
0.000689283
0.00010913
3.69755e-05
0.0343794
2.88657e-05
4.92689e-06
9.98882e-08
4.54191e-06
2.54389e-09
5.3936e-08
8.55271e-08
3.5293e-08
2.51354e-12
5.63288e-07
2.76092e-11
1.35984e-08
1.56519e-08
1.10495e-07
0.000319027
1.92044e-09
1.43826e-07
5.85068e-08
3.12109e-09
0.983363
3.4412e-05
5.6813e-07
2.56299e-09
0.984873
1.32897e-06
3.691e-11
1.42213e-06
2.939e-09
3.8681e-07
2.83968e-10
0.00459085
2.70718e-10
0.00190544
3.41769e-05
0.000119002
0.00478178
3.49187e-12
1.73566e-07
1.79124e-07
0.00098976
0.0363303
0.000260074
1.78149e-08
7.93808e-06
0.00228481
1.43169e-05
1.34007e-06
1.43269e-06
9.51572e-12
2.28252e-05
0.00469763
1.70007e-10
0.000295086
1.04024e-06
6.77794e-06
2.26259e-07
0.000138226
0.00529719
0.0214671
2.61576e-05
1.51102e-05
6.3447e-12
3.21653e-09
0.0313831
2.42623e-09
6.85181e-07
4.31437e-11
6.40363e-10
4.14391e-08
6.57854e-08
0.00117884
0.000484768
0.984205
8.43114e-08
0.000191816
7.84676e-08
5.72521e-10
0.983455
5.36429e-05
0.000113302
1.97947e-07
7.24989e-09
9.16052e-10
0.000802095
1.8082e-05
2.57693e-05
6.16132e-08
5.84897e-11
2.32345e-06
6.76814e-12
6.55595e-09
6.08143e-05
8.29849e-07
3.26342e-09
1.07426e-08
6.4706e-12
0.0004035
3.98881e-12
3.5894e-07
0.000244739
4.51035e-08
0.00351787
6.03412e-10
0.978616
6.99371e-08
1.05609e-06
5.59044e-10
8.55431e-11
1.20919e-06
1.82602e-09
0.0951662
0.00746365
0.00374134
2.80579e-10
1.48054e-09
2.64224e-06
1.8758e-09
0.0022615
6.93024e-06
0.0071267
2.06174e-09
0.000980051
4.33538e-08
1.29145e-06
5.11532e-10
2.89334e-09
1.69167e-11
0.000837949
2.53153e-12
2.79432e-10
1.44908e-10
0.000100817
2.81277e-07
2.17881e-10
8.91505e-06
2.55864e-05
0.00907746
0.98521
0.0335488
0.0395707
5.22924e-09
0.0382235
3.53657e-09
0.984291
0.00116569
6.62023e-06
0.0169463
3.17722e-05
1.09887e-08
0.0250791
3.41687e-09
0.000896629
1.09423e-05
2.63893e-09
8.98565e-07
0.000893044
1.27037e-09
1.65523e-11
8.07032e-07
1.62963e-08
4.63365e-07
1.59455e-11
0.00663434
4.0477e-05
0.000450359
0.00292641
1.43103e-08
0.426187
7.06189e-05
5.0373e-12
9.802e-11
0.981682
3.66189e-05
0.0107053
1.53133e-11
0.0458604
9.36038e-11
3.30932e-09
1.37072e-08
4.88582e-09
0.0796832
0.0129733
2.36092e-07
8.70701e-11
0.000510433
2.45817e-08
0.000938821
0.9778
1.77914e-06
4.28688e-07
1.10609e-08
0.000426058
1.98019e-07
1.49036e-10
4.39065e-05
2.86304e-07
6.91895e-09
0.000305872
6.96678e-05
3.06256e-05
1.21749e-05
0.971853
0.132603
0.179807
0.000736513
0.000530092
1.29038e-09
5.2256e-12
6.89517e-09
5.19953e-07
0.00430704
0.00057684
1.3538e-06
4.4178e-12
0.981686
1.86128e-10
3.23053e-06
1.40445e-07
1.22349e-06
4.4964e-12
0.000249823
0.985121
2.63323e-12
1.21048e-07
1.32453e-05
2.19202e-06
4.07664e-08
0.0190612
0.983459
0.417835
1.24372e-09
9.85011e-07
1.00537e-11
1.7261e-08
1.94975e-07
2.58682e-12
7.02389e-11
0.0121922
8.01283e-06
1.28042e-10
5.64571e-12
4.25491e-09
1.93906e-10
0.000103483
1.30226e-06
0.000656194
1.01221e-07
1.98388e-10
3.27899e-06
3.25004e-05
3.86633e-06
1.22657e-08
1.16078e-11
1.80187e-10
3.92182e-05
3.62288e-08
4.08629e-12
3.35696e-09
2.51543e-06
3.89011e-11
0.984038
2.00403e-06
6.89117e-10
0.000113988
3.25324e-05
2.41517e-06
5.88238e-07
0.000918368
2.34612e-05
2.99982e-12
0.00185012
0.000196279
4.42462e-06
4.74866e-06
2.70925e-09
6.93971e-07
0.00020118
1.85393e-09
0.00154536
0.00782418
0.877073
0.0291873
3.44542e-05
0.0224811
1.96581e-10
4.20571e-05
3.87789e-08
0.0329941
0.982759
1.51332e-05
2.17208e-10
0.983326
0.000728121
8.05978e-05
3.40386e-05
0.00243863
2.15621e-07
2.85398e-06
1.97921e-10
6.43633e-07
1.77494e-08
0.128004
2.50866e-12
8.83404e-08
5.71247e-05
0.000216898
1.96248e-08
0.00665199
0.0501961
3.06511e-06
0.000390971
0.0220798
1.85915e-08
6.44364e-09
0.000405605
2.29437e-08
0.388717
0.810538
7.10781e-06
1.09767e-09
0.000145696
5.7372e-06
0.000290984
0.00613375
0.00361765
1.53912e-10
2.34724e-06
5.76917e-06
5.74951e-11
0.000401662
6.16384e-05
1.0825e-06
0.000898376
0.0115743
0.968608
0.000582772
2.92358e-08
7.82862e-06
6.5148e-10
0.0237392
2.48845e-11
0.97995
0.983303
0.0168103
1.47616e-09
6.89408e-05
0.000157032
0.000627857
0.0721167
0.00055554
1.35283e-10
3.11851e-10
0.33331
6.40454e-07
0.000107285
0.000317243
0.199372
6.99684e-06
1.10101e-10
4.6371e-07
0.000384621
2.30716e-08
2.90814e-11
1.58893e-11
2.50746e-05
5.85229e-09
2.08518e-05
1.02634e-06
0.000158591
5.69881e-10
8.15682e-08
3.13205e-10
9.76068e-11
0.900058
0.000935127
3.28448e-08
3.68865e-06
0.983442
8.15717e-07
1.03989e-07
8.48432e-11
1.51602e-06
2.24665e-09
4.34389e-06
4.86632e-07
1.52193e-06
1.01836e-05
0.275616
1.54123e-09
9.89275e-10
2.76725e-06
0.983456
0.000295822
2.42046e-08
1.02531e-11
2.29506e-07
0.153148
4.20184e-07
7.17422e-10
6.80685e-08
1.45446e-06
2.41384e-09
0.000562434
1.59249e-05
0.000846873
1.12992e-10
7.91704e-10
1.14653e-08
0.000413747
2.34345e-10
0.00198894
7.95437e-08
2.21514e-06
3.13439e-08
7.03244e-09
4.17617e-07
2.46107e-09
4.72743e-08
2.75167e-11
4.88375e-06
3.68457e-05
2.26028e-06
7.81109e-12
1.04317e-06
0.225676
4.25644e-11
0.000960767
2.01921e-05
0.981297
0.985165
1.48956e-09
2.23229e-09
2.41093e-10
1.37272e-11
0.028347
1.56857e-09
0.0121578
1.11753e-05
2.91657e-10
7.3734e-08
6.80945e-07
4.16906e-09
2.09955e-07
1.20341e-05
4.45743e-10
1.47714e-09
0.000251117
9.69849e-08
7.58641e-05
2.04291e-08
6.76722e-10
1.82929e-05
5.43959e-10
0.0172127
0.000367378
2.60131e-06
9.2809e-06
0.000125706
2.36304e-08
0.292518
3.796e-08
7.82359e-05
3.13008e-06
5.35292e-05
7.79773e-07
0.00727486
2.05701e-08
3.05346e-09
7.32614e-12
0.00264065
0.000446963
2.26731e-08
0.00111973
3.76815e-07
1.29356e-07
0.00933291
2.22432e-05
0.000216672
0.423658
2.1483e-07
1.71175e-07
0.0134576
4.49553e-09
9.36577e-05
1.01561e-07
2.46754e-06
5.80351e-11
0.152962
5.4403e-07
4.46596e-08
0.00634675
1.02089e-11
1.45577e-05
4.09731e-09
0.000192639
4.66587e-11
1.65193e-07
0.0225352
2.71453e-08
0.00102725
7.00777e-11
4.1125e-06
0.981162
3.11258e-11
3.36795e-09
4.85069e-07
5.25645e-09
9.64989e-07
9.63871e-05
2.3541e-10
0.985082
0.000167077
7.44183e-07
6.42739e-06
0.983132
4.40476e-08
0.00435765
3.08757e-05
1.67783e-07
1.01455e-07
3.02647e-11
1.56774e-09
0.985014
5.78031e-05
0.000820794
0.000113553
2.28328e-10
4.25996e-07
2.70206e-12
6.24548e-05
3.39232e-06
0.0595184
2.06683e-06
1.07885e-11
0.00427776
0.0320312
6.30801e-07
2.17566e-08
0.000130107
3.4473e-05
0.0251491
5.21023e-11
1.55516e-07
8.02067e-07
1.19931e-11
2.03182e-10
2.66901e-10
1.18193e-06
0.00313042
9.55404e-06
1.7961e-11
4.24727e-12
0.00238543
0.000821265
5.27949e-11
0.983272
0.00152653
6.32077e-11
1.81514e-07
6.44489e-11
5.26785e-05
2.95499e-11
3.16876e-06
1.47433e-06
3.73679e-12
0.000454526
0.0283972
0.984743
0.000189984
2.07157e-10
7.38211e-09
1.91899e-06
1.44896e-06
0.00775136
5.26884e-09
0.00316798
0.00237037
0.0032105
0.00293804
4.28946e-12
4.18791e-09
6.37207e-05
5.47845e-06
3.37663e-06
1.85005e-06
2.00829e-09
1.27994e-05
6.59933e-05
6.61782e-06
4.19955e-11
0.976828
1.39788e-10
3.27921e-05
6.62036e-10
5.81917e-10
9.7194e-06
9.99546e-05
0.000611872
2.2887e-11
0.0295925
4.06953e-09
8.05213e-05
1.05958e-06
0.000770016
0.00297831
0.0343394
0.031565
2.32196e-07
3.46784e-05
9.58243e-09
4.2768e-12
0.0232345
0.00549805
0.000479244
5.50787e-08
0.000248557
8.83693e-12
3.27902e-07
2.83837e-06
0.085695
1.09e-08
9.8961e-08
1.01657e-07
3.78015e-05
0.0153652
5.34467e-08
1.57543e-09
0.0102673
7.51195e-11
0.922229
7.22205e-10
4.3821e-06
9.09883e-11
0.00127803
6.05744e-08
3.75814e-07
4.70863e-09
0.000426431
2.44565e-05
3.43286e-07
1.78343e-06
2.8771e-11
0.00142835
0.0487739
3.95128e-12
4.643e-06
0.249324
5.85882e-10
0.00016689
0.216364
3.3616e-10
1.07318e-08
1.84885e-11
1.47273e-06
6.89956e-09
3.91545e-05
1.55059e-05
3.25929e-09
1.6404e-09
4.90546e-05
0.000771528
1.59791e-08
0.000200496
0.0271844
0.0290613
0.985024
0.985124
1.4685e-05
0.00048089
9.49423e-09
7.96592e-05
3.87973e-07
3.35364e-08
1.18912e-11
0.00142299
0.0136573
6.02772e-08
0.982762
0.00688546
9.67293e-12
5.21538e-12
3.33775e-11
0.0212557
3.04187e-08
0.00821698
1.29347e-06
1.31513e-07
2.84304e-11
1.62176e-09
0.490348
1.21128e-11
0.00164496
0.00114209
0.985219
0.000127341
9.59588e-06
0.000131941
9.20706e-11
2.86219e-09
0.00124776
9.65028e-12
0.000626548
0.977652
0.000421557
8.45053e-10
6.16766e-06
0.00529784
0.0216721
0.00596308
2.2364e-07
0.000113685
1.51296e-09
0.00162593
1.67102e-09
0.334363
2.18089e-05
5.78273e-06
6.35718e-06
2.19409e-11
0.0114537
4.97619e-05
0.000588178
1.78108e-08
2.5393e-12
0.000906699
1.62724e-09
1.19347e-10
1.82219e-10
0.000115311
2.97518e-12
0.000631289
0.026751
3.54869e-05
1.50051e-09
1.72672e-08
2.63858e-10
6.21458e-12
9.77453e-10
0.0427554
9.59674e-08
8.03435e-09
0.000801938
1.38019e-09
0.000674666
5.24833e-08
4.26299e-11
4.06026e-11
9.21969e-11
0.000181887
1.26095e-06
1.18312e-05
6.6034e-07
2.64477e-11
7.61325e-05
6.8459e-09
4.36547e-06
1.97807e-07
2.40422e-08
5.8937e-09
0.0546332
7.89922e-07
0.00347455
2.99636e-10
0.984931
0.000492694
1.79818e-11
9.93555e-07
1.57134e-11
2.53638e-08
1.03995e-09
0.0919273
0.000200627
0.0125336
0.00323877
1.02894e-10
7.56547e-09
0.0584924
6.35028e-11
1.36242e-05
4.68919e-07
0.00715598
6.13667e-05
5.0254e-06
0.978503
6.25502e-06
2.14926e-09
0.0180242
1.13364e-05
0.612178
0.000841462
6.46305e-09
0.0231009
0.000270439
7.96545e-08
1.66846e-06
3.77714e-07
0.000458235
3.88663e-05
7.59756e-08
8.76954e-07
2.52987e-06
0.00016832
0.000199521
3.37544e-06
7.3318e-09
0.968272
7.34899e-11
0.00168036
2.15468e-07
0.979028
1.64985e-05
0.000455296
0.00287024
0.983272
0.0511493
0.000581125
4.97113e-12
1.48333e-05
4.60278e-05
0.0154031
1.84488e-08
0.000178738
2.47027e-08
5.3348e-11
4.39591e-10
1.14815e-10
0.00864029
4.205e-07
1.65638e-10
1.43795e-09
7.01484e-09
4.26736e-05
0.000427186
2.35282e-08
8.84083e-09
0.000284357
3.06772e-08
7.71367e-09
2.77063e-07
3.20445e-10
1.05267e-08
0.0179711
1.47205e-06
6.71133e-06
0.0181669
1.65332e-07
3.22061e-09
0.000772844
4.14695e-05
4.48824e-10
2.12946e-09
0.00955138
0.129286
4.83888e-11
1.63044e-08
0.000445822
5.58551e-07
0.00329819
7.49263e-11
4.57554e-06
0.983881
0.00245505
0.00321855
0.0697881
3.50762e-11
2.5587e-07
0.00364114
4.27844e-05
1.33182e-11
9.77013e-10
0.983825
2.58697e-06
0.00382332
0.000195971
0.00394719
3.20658e-09
0.00137732
5.84719e-05
0.00506157
5.46181e-07
5.35243e-07
0.9825
0.984175
0.982562
2.40515e-09
1.8441e-11
3.65075e-08
8.97262e-05
2.86207e-06
2.83192e-05
1.90157e-09
4.76149e-06
0.00285432
4.8519e-12
0.0434665
3.05092e-05
0.00869844
3.0651e-06
3.19137e-07
2.59993e-09
7.94246e-09
0.000937139
7.43538e-08
0.0253708
6.16116e-05
0.00050891
0.000113057
2.5666e-08
0.0231413
2.52109e-12
1.4889e-11
1.82341e-10
0.000617918
0.000615305
6.81809e-10
1.58199e-06
0.12469
0.983845
8.68796e-11
4.42578e-07
0.000779969
0.00277913
0.000342575
4.55542e-07
1.05011e-07
0.000104021
0.0171416
8.15233e-05
3.4508e-12
0.000365642
4.1956e-08
8.06732e-06
9.61741e-06
0.00207148
6.22435e-12
0.985233
0.000811245
0.925895
0.0487464
0.985242
8.47797e-11
0.000307005
0.0473209
3.78838e-07
0.00220707
3.73475e-07
0.00185713
8.1294e-05
1.01238e-09
9.71423e-12
1.36579e-07
7.00979e-05
4.27921e-10
0.0033276
0.985059
8.79371e-07
6.87548e-11
5.46635e-10
0.00057162
0.000748959
0.0357408
8.48145e-08
3.20029e-07
1.82886e-07
5.06755e-09
7.72391e-07
4.01776e-05
0.97995
6.87772e-11
0.0120379
5.39432e-07
0.0106679
3.24589e-11
1.15782e-10
9.56427e-07
4.95059e-08
3.51217e-05
5.4279e-11
8.52213e-05
1.31041e-09
2.50289e-12
0.00289604
2.7664e-05
7.11298e-12
4.2158e-05
0.984566
7.76919e-10
0.210296
1.26808e-05
2.06156e-08
2.05056e-11
7.68745e-11
5.66894e-05
0.0107995
0.0163942
0.0155413
0.977154
1.22991e-06
0.00269891
1.09694e-07
0.980242
1.71597e-10
1.2085e-05
7.21404e-06
1.90617e-05
1.16803e-06
3.71517e-06
0.985153
3.04522e-06
0.00365025
0.924879
5.71198e-05
1.04436e-06
4.93467e-10
0.000401349
3.7886e-06
4.74881e-06
1.29693e-06
5.8169e-12
8.52322e-05
9.55684e-05
0.000474461
3.24667e-11
1.75728e-10
0.000198505
2.39768e-06
3.92739e-05
3.17991e-05
4.79445e-10
1.20694e-08
0.984804
4.65398e-08
0.105216
0.000167946
0.000325433
0.024151
2.33178e-08
0.984579
0.00812454
1.27088e-07
0.000993263
1.53397e-09
0.984675
2.6088e-12
4.3178e-07
2.77352e-07
0.00641621
0.000539899
2.68783e-05
8.27186e-08
8.53434e-09
8.33902e-07
9.99922e-05
0.0050666
0.984595
4.10982e-12
0.983922
1.92705e-05
2.75956e-06
0.0184013
0.00742365
9.46338e-08
0.000146127
2.09722e-10
2.57594e-12
4.24574e-11
1.75649e-05
0.000752136
3.31313e-12
3.19489e-09
6.20043e-10
1.77119e-09
0.984502
2.68987e-10
1.20898e-10
1.18501e-06
4.74788e-08
7.03215e-12
0.981768
1.01328e-08
3.00334e-06
2.78311e-12
1.44877e-09
0.0022142
0.00364969
0.697229
6.80521e-09
0.0024612
0.981955
1.50774e-07
0.00447729
1.51963e-07
0.114734
0.407267
5.20953e-06
0.000113714
1.76947e-08
1.76217e-05
2.27756e-11
0.000391697
0.000433497
1.87894e-06
0.0304838
0.0157843
0.0315466
0.983271
7.25635e-10
0.000164092
8.63961e-07
4.82114e-05
0.00253208
0.011762
7.0838e-11
8.90567e-10
5.03804e-08
8.83055e-10
9.61006e-08
3.54736e-05
0.0249202
0.985028
0.000139339
0.00019183
8.51446e-05
1.59416e-09
1.956e-08
0.000298663
9.51463e-05
9.38923e-08
0.15347
7.22934e-06
0.984299
1.36721e-05
0.984784
4.01533e-09
2.98836e-09
1.53666e-10
5.54692e-07
0.984812
8.49404e-09
0.0408359
1.04382e-07
1.09688e-06
2.07726e-09
0.98326
9.02642e-11
0.0411659
1.85554e-08
7.74422e-10
3.60496e-07
0.00447432
2.70846e-06
9.34097e-08
3.31535e-12
2.22929e-09
0.984736
9.08544e-05
0.000298248
0.97668
2.86615e-12
2.67994e-06
0.24865
3.38566e-08
0.000289665
3.32951e-08
3.89098e-05
0.530369
2.05281e-06
0.3295
0.000391424
3.54533e-08
4.51385e-08
1.66908e-08
1.26234e-09
1.94823e-10
0.0214375
0.00374498
0.000109707
0.00605146
3.05762e-09
2.0243e-05
2.08798e-07
0.00275926
1.87718e-09
1.26431e-05
6.63148e-08
1.02939e-08
3.8447e-12
8.21558e-11
0.967159
1.12021e-06
9.82258e-05
9.92385e-09
0.000402824
1.63584e-05
5.95395e-07
0.000567365
3.61933e-08
0.0215144
0.984737
1.59525e-07
1.73809e-06
0.0100898
0.983813
0.00050155
1.77625e-11
6.9276e-06
8.94991e-11
5.01763e-06
4.95188e-08
0.000375887
3.56322e-11
5.47893e-05
3.44835e-12
0.00218944
5.55006e-08
0.000528399
3.94937e-05
0.984984
2.9593e-05
2.54818e-12
6.61142e-11
1.5593e-05
2.32664e-08
0.0002396
0.00142372
2.2212e-05
4.35604e-09
9.46759e-09
0.00190775
0.00104839
4.60645e-11
1.87995e-05
0.98272
2.1412e-11
0.985218
4.66294e-08
0.000762063
0.00423315
0.000123788
2.18094e-11
0.0719553
5.86688e-09
1.85516e-07
1.71258e-09
1.31894e-11
1.37843e-11
0.00852392
4.43791e-06
1.28006e-09
4.71383e-07
4.62475e-05
2.14437e-08
1.02056e-09
1.4056e-05
2.21435e-10
0.984474
0.000126096
1.23257e-08
1.31091e-07
2.77508e-06
6.34506e-11
1.77421e-05
1.04148e-06
6.21229e-06
0.000261312
8.22957e-10
0.000251601
0.00104904
0.97993
0.977593
2.3365e-06
5.6539e-11
0.985218
0.0179609
0.000122645
0.0209398
0.977913
9.11348e-08
1.12892e-06
0.112858
3.35563e-06
7.64583e-05
0.103832
8.72674e-07
0.984569
1.0528e-05
2.44015e-10
0.00265217
4.37139e-12
0.0729698
2.1368e-07
6.32371e-08
1.3457e-11
1.64787e-06
0.000106806
1.53096e-07
0.187622
0.0152762
0.016234
3.84305e-06
0.182802
5.32279e-09
3.23588e-11
0.0175755
2.00243e-06
7.89061e-05
0.00267248
0.000148348
0.00214163
9.42325e-08
9.82408e-08
0.000362746
3.06687e-10
0.000175912
0.980912
1.31779e-10
8.43674e-10
0.000265291
6.40951e-09
2.11147e-07
3.96946e-07
1.83712e-08
1.03504e-11
2.25787e-06
0.000183346
0.000712595
5.61881e-05
1.15148e-05
0.0354334
1.26904e-09
0.98447
2.94026e-09
0.0905914
2.80178e-06
1.42808e-06
1.05564e-05
0.922954
5.80157e-09
3.23598e-09
0.0084614
5.76004e-08
3.36242e-12
0.000741628
0.98519
0.190168
0.000203986
0.985173
3.09148e-11
3.9837e-12
4.86963e-06
4.70739e-05
8.62764e-05
6.05269e-11
1.36997e-09
3.11853e-11
9.76681e-08
4.12639e-11
8.35132e-11
0.013499
0.183273
0.931131
4.95362e-06
0.000715148
1.88959e-06
0.000262591
4.58663e-10
1.94444e-08
8.52562e-12
6.90708e-08
3.53872e-12
1.88572e-06
0.00366059
4.27213e-09
3.42473e-06
0.00290048
9.92024e-11
4.22675e-05
1.60538e-05
5.75608e-08
0.0659079
0.701096
0.00324454
0.158871
0.0892363
0.230795
0.000263003
2.98614e-06
0.00177616
7.90406e-11
0.292271
9.31701e-08
7.63595e-06
0.362467
6.98963e-06
3.6551e-11
0.0136169
6.22585e-10
9.51728e-07
1.98592e-09
0.191533
6.11506e-10
0.00133387
8.13943e-06
0.00260692
9.68667e-07
1.62791e-05
7.58302e-07
0.55668
1.44394e-07
1.04287e-10
3.49671e-10
3.89577e-12
0.000209313
0.0217728
6.37304e-10
0.00127462
4.83839e-07
0.000110173
1.37853e-05
3.31357e-08
5.14545e-05
3.15089e-06
8.55644e-07
0.0309045
3.1943e-10
0.00395406
0.336398
7.52411e-11
4.36932e-06
0.00083439
0.0110793
0.00011681
6.1248e-09
2.07237e-07
0.000102873
0.0304262
6.02172e-10
2.18401e-09
0.977985
9.32987e-12
2.25929e-10
1.75452e-07
0.0173922
0.000413891
1.09295e-08
0.111831
0.00165021
0.264666
1.62698e-06
9.59779e-06
3.24468e-09
2.56428e-08
2.50577e-05
5.40658e-06
1.42346e-11
0.540987
5.72427e-06
0.0111803
1.90116e-06
0.00184474
2.89276e-06
1.72704e-10
8.96613e-09
1.50958e-08
1.24448e-08
9.2943e-09
1.42659e-10
0.0473463
0.00350186
1.51631e-08
0.000744534
7.76029e-09
0.00263049
7.68535e-08
0.00124295
3.02689e-05
1.34065e-07
1.12639e-08
3.71375e-05
3.84557e-06
6.4002e-05
0.00109065
2.6102e-11
1.63265e-09
7.94989e-05
2.98112e-06
1.95033e-07
9.91017e-08
1.10054e-11
0.981027
1.74839e-07
8.71812e-08
0.0151417
0.000167987
2.81569e-07
4.76916e-09
0.980699
0.00783598
6.20433e-05
0.0111799
1.45144e-09
1.39706e-08
1.1762e-10
4.49139e-11
2.29443e-05
0.00754149
5.25075e-05
5.82236e-06
0.00045786
1.22038e-06
4.41441e-05
5.42744e-11
3.8484e-08
8.42784e-09
0.0751908
0.00466703
8.67714e-10
2.87195e-07
0.000638948
0.973989
2.16626e-10
3.68339e-07
4.98947e-09
2.16442e-05
0.000993637
0.279356
0.96943
0.000164241
0.781789
9.39981e-07
0.0021335
0.00658644
1.35712e-08
0.0167914
8.07246e-06
0.000555856
1.42108e-07
1.24971e-09
2.28306e-10
0.965695
0.984721
9.96025e-12
0.0110967
2.82829e-09
6.69273e-08
1.07573e-06
0.00113755
8.32098e-10
2.76766e-06
5.21482e-05
0.00108484
0.854413
0.00321522
0.000171802
3.07511e-10
0.896298
0.000597466
6.2245e-08
1.78755e-09
0.977211
2.40006e-10
0.983146
5.26681e-11
3.81731e-09
0.000259692
0.984369
0.00267977
0.0888245
2.18427e-06
4.03265e-07
2.28825e-08
0.974303
0.0663046
0.000727419
4.9455e-08
4.89593e-10
2.45924e-10
2.97511e-11
1.30287e-07
4.1343e-06
0.000397365
4.64317e-12
6.58822e-09
0.000239571
1.0677e-06
5.11852e-05
4.85544e-08
0.0973137
4.62537e-06
4.81011e-06
2.65559e-08
0.000133031
1.1038e-10
0.000494013
1.04178e-10
0.861316
8.66739e-08
4.637e-06
2.17333e-05
1.25555e-08
9.32276e-12
5.94977e-10
0.00239795
0.000176058
4.6638e-11
9.37584e-08
1.96201e-11
6.28016e-06
1.50946e-09
5.95823e-08
0.00187023
3.40769e-08
2.51175e-11
0.100398
2.89911e-06
0.708119
0.0126501
0.000518563
1.17925e-08
0.0151158
4.94182e-06
0.00120029
0.00042968
0.0014795
1.62414e-09
8.20603e-10
0.000512757
2.24151e-06
0.00621706
0.103502
2.51354e-12
2.09348e-10
1.82647e-11
1.7114e-10
1.81864e-05
5.9058e-09
0.97929
3.19367e-06
2.80221e-07
0.000444057
2.10399e-07
1.18749e-05
2.21843e-10
0.00434975
9.96186e-05
9.54366e-10
0.977832
1.90156e-06
0.0632402
1.96804e-07
2.09111e-08
0.00882488
2.44726e-09
1.32926e-08
8.62093e-05
0.932952
3.06821e-12
0.131295
0.00029213
1.8136e-05
0.00193729
1.5609e-07
0.000272326
3.10371e-05
9.32338e-06
0.102079
1.22671e-05
5.08276e-08
0.0057388
1.03944e-10
0.000614456
1.22403e-08
4.72416e-05
2.63982e-09
1.16563e-07
0.00013497
0.0102067
8.02932e-07
0.000426792
4.77486e-08
3.65008e-07
0.0395304
0.000272756
3.72101e-09
3.5565e-05
0.00613703
0.22818
1.92621e-11
3.25029e-12
0.000317594
1.80089e-08
0.983815
4.34475e-08
0.0403078
0.000863241
4.13736e-10
1.04669e-05
4.9448e-05
4.1393e-10
2.21136e-10
1.93234e-08
9.85044e-06
1.86495e-05
0.000102595
8.07887e-12
3.32734e-07
2.7885e-08
0.0598891
0.00163101
1.99844e-08
8.84266e-05
1.05713e-05
9.92155e-06
7.32119e-11
3.69829e-06
6.10177e-05
4.59656e-10
0.000369358
2.82259e-07
6.92118e-06
1.16361e-07
1.64207e-06
0.000925104
0.896233
1.67645e-08
5.80238e-05
0.0101483
0.982072
0.00119692
3.0867e-05
1.1799e-07
1.39408e-05
5.76994e-06
9.87668e-08
0.463835
8.28305e-06
0.000380055
0.959775
1.94499e-05
0.000274502
7.16305e-08
0.000364671
1.18873e-08
0.273088
4.84297e-11
2.55815e-06
4.65292e-05
0.00180395
0.0165432
1.19608e-06
0.00412133
1.98308e-10
0.00338442
5.40479e-12
0.000321153
1.40105e-07
3.89899e-06
1.12468e-07
1.34972e-06
4.01527e-10
0.000700328
0.00115688
0.000111627
4.67808e-08
8.20519e-05
0.213611
1.06265e-06
4.90501e-09
0.0675291
0.000397684
8.26522e-06
5.11975e-05
2.00496e-05
0.0125673
1.20257e-05
0.00302043
0.982464
5.68343e-05
9.69747e-10
2.36614e-05
1.92599e-10
1.33055e-07
0.000103994
0.000396814
4.33894e-05
0.00134877
0.00543435
2.88906e-07
0.00114926
0.00357534
5.69251e-07
0.339778
3.3677e-08
6.85256e-11
3.51033e-05
2.5703e-11
6.14846e-09
1.22991e-11
9.65926e-09
1.66369e-11
1.72239e-08
0.000304947
0.96754
1.75122e-06
0.000689387
2.82532e-07
3.0541e-09
6.26046e-06
0.000396087
4.36195e-06
0.0381691
0.000537622
0.0016965
8.2321e-05
1.67617e-11
3.74123e-12
3.69141e-09
0.0222351
2.35139e-11
1.74029e-07
2.94374e-05
0.969906
2.06526e-08
2.55484e-10
0.343228
4.19839e-09
0.0480113
2.01104e-06
0.161512
2.73716e-05
1.68725e-07
7.69337e-06
2.1973e-09
1.63858e-06
3.50615e-05
0.000803666
0.860114
0.983804
1.02679e-10
0.00887717
2.47761e-09
3.03596e-07
5.20065e-07
8.67021e-08
0.00786415
0.000852076
6.10098e-05
0.00132011
8.05245e-12
1.3674e-07
0.0401804
6.00725e-07
0.00111618
3.57351e-08
6.4342e-10
5.38198e-11
2.32258e-05
1.27625e-11
1.03243e-05
0.118898
2.77571e-10
1.22187e-06
6.56589e-10
0.00108296
1.81676e-09
7.64083e-05
0.0413912
2.34621e-05
0.7237
0.00178025
2.3742e-09
2.6262e-07
0.116406
0.000329692
1.22897e-06
2.4661e-07
3.04194e-06
0.712067
1.16378e-06
7.75079e-07
2.37616e-05
1.3758e-07
0.00386428
3.06755e-11
3.36637e-08
3.91755e-05
9.9966e-06
5.05218e-12
0.985164
0.00570362
2.63126e-08
1.94846e-06
3.56293e-12
5.00516e-05
0.0437221
0.0879048
1.07144e-10
9.06565e-06
0.253337
9.11826e-12
8.03655e-07
4.42379e-07
1.64588e-08
0.0346442
1.21152e-10
5.45152e-05
0.000392425
1.93617e-09
0.374012
0.00395243
0.970316
3.26406e-12
1.1631e-07
5.1298e-09
5.12098e-05
8.00715e-12
1.86628e-07
1.32135e-05
7.60357e-06
9.21216e-08
0.00138007
7.70542e-06
2.39284e-09
2.14026e-08
0.002431
6.81992e-08
3.01371e-07
9.00706e-05
2.59992e-12
4.95706e-11
3.8515e-05
0.00237546
0.984219
4.05354e-05
1.83428e-10
7.03405e-09
2.35378e-08
1.88782e-09
0.0293981
0.464378
6.39699e-09
8.05107e-11
5.72413e-07
0.00144583
0.0132828
0.00433607
0.00329662
3.70493e-10
0.000119094
1.61274e-05
6.24385e-06
0.000443518
3.93086e-05
0.00123173
0.0398396
1.03424e-08
7.90864e-07
3.19584e-05
0.0751845
5.06239e-08
2.37025e-08
9.64742e-07
1.53389e-10
0.000167194
2.69467e-07
0.000394315
4.02856e-10
0.00295262
0.0231235
1.79828e-05
0.00334796
7.368e-07
4.45463e-09
0.0353628
3.93729e-12
2.12879e-08
1.79846e-06
0.00138585
2.68135e-08
0.0509797
1.11576e-07
7.34923e-12
1.79499e-05
2.26816e-08
