0.00445916
0.98271
3.07898e-07
0.981099
0.00228811
4.32401e-11
0.00191998
4.25198e-08
1.27077e-10
1.66328e-09
0.00184022
9.30602e-05
2.15405e-09
0.000437542
4.33459e-05
4.25884e-07
6.53936e-07
1.13861e-10
2.28166e-10
7.99143e-06
0.983048
1.62903e-07
0.00025253
5.6316e-09
2.57836e-10
1.86458e-05
3.72409e-11
3.65558e-06
4.53857e-08
2.23778e-08
2.30846e-05
3.58383e-10
2.91127e-06
3.07363e-06
4.56194e-10
2.00176e-06
0.0171111
3.04204e-10
5.02443e-12
5.19779e-06
1.52086e-07
3.94396e-12
0.0318264
8.21993e-06
1.50353e-06
1.02891e-05
7.25501e-09
1.01521e-08
0.00011943
2.03808e-11
1.39474e-08
1.17028e-05
8.82684e-06
1.12511e-09
7.23622e-06
2.7351e-11
1.55239e-06
2.24016e-11
0.00263257
0.000179794
1.78116e-05
0.00647692
4.15323e-07
0.000786516
0.96286
4.91973e-10
4.64118e-11
9.96791e-06
7.74714e-12
0.000628972
1.93513e-08
0.000359406
1.44544e-11
0.980935
2.10059e-11
4.52438e-05
8.33891e-09
1.66128e-07
0.958097
0.00300833
2.93821e-11
2.43737e-07
3.14759e-06
6.87549e-06
1.09346e-07
4.9406e-08
8.71438e-10
2.17002e-06
1.17889e-06
7.86704e-10
0.001656
4.23298e-07
2.1156e-05
2.1509e-11
8.57082e-07
0.000114735
9.34314e-08
2.03755e-10
0.982157
5.88596e-12
0.981482
2.52501e-07
0.000217548
0.0033524
7.0071e-09
1.13268e-07
0.000668701
1.88057e-05
4.5172e-05
5.76139e-05
4.10246e-09
7.44881e-06
0.000323816
1.84397e-11
6.08333e-06
8.40945e-05
6.53599e-10
3.06513e-10
3.36565e-06
1.37473e-06
2.61149e-08
1.61277e-08
3.07479e-10
1.76267e-06
0.000382915
1.51192e-08
0.00586844
0.000191504
0.981427
0.00104095
0.98253
1.23986e-06
0.000272728
7.26571e-05
5.4004e-06
0.00243762
4.63819e-07
0.982722
7.60264e-07
0.933774
3.71716e-05
0.922381
0.000414522
8.65352e-12
2.14131e-11
6.96966e-08
0.000210466
5.67378e-06
8.10429e-10
1.19513e-07
7.71178e-10
1.7272e-07
2.07661e-06
0.00440633
0.0010788
2.98558e-05
2.37609e-09
2.35886e-05
1.94548e-05
1.33048e-07
9.56536e-06
0.00140119
3.68439e-05
2.27337e-07
6.8591e-05
6.89994e-05
3.70829e-07
2.44265e-08
1.34392e-09
2.40093e-10
2.49066e-05
5.09974e-11
7.91858e-05
0.00267113
0.983245
3.09701e-05
0.983064
4.84748e-11
0.000350028
9.64791e-09
0.000645391
0.000848057
0.000331934
0.000398916
9.72831e-06
2.93902e-08
5.89329e-12
6.94599e-08
0.000231342
1.90906e-10
0.000548679
0.00135162
0.982071
4.85039e-11
0.34179
0.970948
1.96597e-09
0.00017461
3.60783e-09
4.90155e-10
4.53951e-07
0.00031963
0.982325
1.77267e-06
5.1922e-07
0.000252766
0.982479
1.05192e-06
3.47825e-07
0.00404722
8.16136e-05
1.41613e-08
0.00015629
1.23524e-09
0.000153174
3.94377e-07
1.11213e-06
0.00131986
4.67316e-07
2.70084e-06
2.00768e-10
8.63415e-07
0.000647388
1.21077e-05
1.2984e-08
1.62862e-05
0.000273717
4.14723e-07
1.38181e-06
4.65012e-05
8.17292e-08
1.59468e-05
4.62153e-05
7.538e-09
0.981861
1.44036e-07
3.32799e-06
2.05419e-08
1.61557e-11
0.00018361
9.52343e-11
6.10867e-12
1.93108e-05
3.56986e-05
4.91604e-07
5.50254e-07
1.3293e-05
4.34069e-06
2.24032e-10
2.08513e-05
0.00110014
4.10175e-05
2.33119e-05
1.08452e-08
0.00983733
1.8884e-06
0.980969
9.43691e-10
1.3366e-08
2.7072e-05
0.982411
0.96681
4.81838e-07
2.85867e-06
0.0024015
2.02259e-05
1.15912e-08
0.979508
2.67897e-05
1.46437e-09
1.78891e-07
0.000177481
0.0067614
0.000105284
6.30854e-06
0.981927
0.00021653
7.96712e-06
1.11576e-10
1.1629e-07
9.0169e-07
0.00908954
0.00121403
0.982569
7.11144e-06
2.01958e-05
5.30442e-12
0.983147
1.51249e-06
0.00257799
9.46239e-08
0.974145
2.80033e-05
0.000891876
4.46485e-05
0.012447
6.26532e-09
0.0047021
4.19388e-06
8.93123e-11
5.8405e-06
4.63302e-05
6.40306e-11
0.00275081
3.50181e-05
2.69383e-06
0.981975
5.00908e-05
0.000567037
2.40936e-10
0.000417165
0.000519775
1.46236e-10
1.67124e-11
4.59405e-05
5.93312e-05
9.9668e-05
2.3103e-07
0.00175495
9.21629e-06
3.03735e-07
0.000849147
3.63884e-06
0.000721169
5.19012e-06
1.65175e-06
2.13256e-06
1.50058e-10
5.7899e-08
0.00233319
3.34811e-09
0.982811
0.000226078
6.61764e-09
1.04808e-05
0.0694286
1.28631e-09
8.1285e-11
3.93399e-06
2.76703e-07
0.000476611
1.4713e-05
1.59657e-05
0.00228785
0.00198641
6.6638e-07
0.983114
0.000105287
9.461e-07
0.001016
7.79881e-09
0.979422
5.75587e-08
0.00119463
0.000529791
0.000593449
1.71458e-07
3.4747e-05
9.63078e-07
0.0139022
2.38276e-07
0.981311
0.00314468
1.7735e-08
5.15792e-10
2.61339e-06
3.84272e-08
0.000378666
4.82243e-05
0.000197215
0.981234
1.0659e-08
3.15926e-06
2.16677e-06
5.04905e-06
5.52947e-07
4.19495e-05
1.24798e-05
1.82327e-10
4.24328e-06
2.01597e-09
1.39236e-10
2.7596e-07
1.90191e-06
4.92522e-06
0.000226419
0.00656275
0.00138722
2.03953e-07
0.000262667
1.63033e-05
6.48085e-08
2.07908e-06
0.983249
0.00492392
1.54506e-08
0.00188121
7.50646e-06
9.29806e-07
0.980745
4.04942e-07
2.66472e-10
6.62482e-05
5.27113e-09
4.63233e-05
0.000393833
0.000210129
0.982911
3.87523e-05
2.24088e-09
9.36977e-06
4.03611e-06
0.980646
0.000345018
3.01548e-11
0.00132677
2.21442e-08
6.23062e-11
1.88465e-10
5.34199e-07
0.981696
7.37696e-08
1.4186e-07
9.04395e-07
0.00274445
4.27434e-07
0.977739
0.982095
2.90544e-05
2.3953e-06
1.90496e-05
1.98436e-06
0.980083
6.30156e-07
0.00572003
7.22977e-12
0.00166299
2.772e-05
0.967523
3.3291e-08
1.44331e-07
0.000160494
0.000225857
7.28648e-10
7.03879e-07
1.04565e-07
0.981857
7.1354e-12
3.98107e-07
2.03691e-06
4.53675e-10
6.87892e-05
4.21647e-09
0.000399416
2.11689e-06
0.0023735
3.06217e-07
0.00313998
4.89651e-05
1.55852e-10
0.000231775
7.23116e-07
2.75478e-07
0.00336145
9.45931e-08
1.79159e-07
2.27406e-10
0.982037
1.57243e-08
8.8061e-10
9.5641e-05
1.49508e-07
0.982373
0.0031333
9.17844e-06
0.00144149
1.50739e-08
7.80827e-09
1.28345e-10
3.91511e-07
6.8378e-08
0.0330958
0.000129696
9.1637e-07
3.47206e-06
0.000581566
2.52068e-07
1.13257e-05
3.73075e-05
0.982508
0.983074
0.000145003
7.08029e-06
0.982534
0.00138296
0.00341994
0.00324897
0.000123527
1.60509e-11
4.8783e-06
5.9699e-05
5.72137e-06
5.59057e-05
1.28565e-07
4.5306e-12
6.66973e-06
0.981311
6.35102e-10
1.25939e-07
5.86649e-06
0.00294168
5.9324e-05
1.95058e-07
3.98792e-12
3.01152e-07
0.982121
0.00106518
2.42637e-05
3.35286e-05
1.51695e-08
1.82959e-07
2.15687e-11
7.04128e-08
5.58279e-05
0.98306
6.15944e-10
6.07809e-06
6.29152e-08
1.98163e-08
2.68847e-09
1.6458e-08
7.14965e-08
0.000959712
1.09853e-07
9.99783e-08
1.00899e-06
0.000105129
1.45632e-07
1.12952e-06
2.56546e-05
0.000350509
8.30389e-08
2.91732e-08
8.8086e-07
4.2935e-07
2.25087e-05
0.0336238
0.97258
6.9196e-11
0.981228
0.00437914
2.83205e-07
3.97824e-11
1.37301e-08
0.000283727
0.000173891
1.62263e-10
3.04843e-07
0.000708575
0.980564
1.59715e-05
6.69597e-09
7.07747e-10
6.38652e-06
6.79156e-08
1.19499e-05
5.11058e-12
0.979563
1.8342e-07
7.72034e-08
4.54681e-12
8.81005e-06
1.7965e-05
2.33163e-09
0.000137162
0.00618923
2.36032e-05
1.9941e-05
0.00157042
3.4487e-05
0.000158986
0.00060325
8.6283e-10
1.60063e-06
6.58619e-05
8.60102e-08
4.18017e-06
1.32959e-05
1.61207e-09
0.00073592
1.06998e-07
7.38103e-08
3.3715e-08
0.979319
1.08728e-08
2.78608e-06
1.84628e-05
2.12946e-05
4.33942e-12
1.9303e-05
2.6354e-11
0.982037
1.0192e-08
4.97202e-10
0.983228
1.81198e-10
1.60607e-11
1.58202e-07
4.47569e-06
2.19037e-08
4.2967e-06
0.983005
0.0132912
2.31871e-05
1.74827e-08
9.65693e-06
3.10195e-06
3.06121e-05
0.000291436
6.75424e-06
0.000482388
1.90731e-05
2.83861e-05
8.4676e-07
0.000194374
2.64336e-05
7.93548e-10
4.02656e-12
5.49432e-09
0.00128417
4.25082e-12
1.33746e-06
7.64826e-09
7.98054e-07
9.19687e-12
0.980111
4.83293e-05
1.19713e-10
8.56678e-08
5.78115e-07
0.973783
4.588e-05
0.0118092
0.981571
1.24788e-07
1.41525e-11
3.83284e-05
4.22817e-06
0.000922393
0.000256635
2.79699e-05
6.10339e-06
3.36828e-09
0.982339
2.30787e-05
2.72651e-06
5.16e-05
3.78367e-06
6.96343e-07
1.05023e-06
2.74585e-07
0.000144288
2.0662e-07
7.26714e-11
4.43005e-09
5.78109e-05
0.983074
0.982824
0.00243408
7.0996e-05
8.00919e-06
0.0123858
0.00142582
5.90132e-09
1.14837e-05
1.49912e-06
1.16892e-06
8.88662e-11
0.00483667
0.0113706
0.0056981
5.76612e-08
9.40497e-07
0.00631379
1.8673e-06
0.982555
4.13451e-05
6.10091e-06
5.99695e-08
0.000158345
6.98401e-11
0.00160745
7.7443e-08
1.74694e-06
0.000860665
0.00350083
0.97956
4.82553e-05
8.17231e-11
1.02291e-06
0.000678047
7.45785e-07
1.0356e-05
0.000114743
1.81376e-08
4.13691e-12
0.000449246
2.17867e-06
1.99782e-11
5.0664e-05
0.000590706
3.65381e-06
1.19204e-08
5.26222e-05
0.978436
1.76309e-09
3.70097e-07
0.000357599
2.02948e-06
7.58999e-06
2.52485e-11
0.0011646
8.39883e-09
1.38952e-08
5.25345e-10
8.50731e-05
9.98399e-09
2.95378e-07
0.000128523
0.000117404
0.973069
0.00313454
7.57916e-11
0.000611105
1.79986e-06
0.00187686
9.76358e-06
4.15584e-08
0.0269182
0.00334746
3.01692e-06
1.56604e-08
6.57869e-05
9.77271e-07
7.77357e-06
1.43741e-07
0.000812874
3.8658e-12
4.67577e-05
1.07147e-08
0.000120249
1.79191e-08
1.60654e-08
0.00325189
0.000513853
2.52004e-06
2.05901e-08
0.00103518
9.49935e-05
0.000560929
0.000518076
5.58434e-05
0.0290267
1.10129e-06
0.00616285
6.43326e-08
7.31778e-05
3.74126e-08
0.000119017
2.52338e-09
3.43453e-05
2.90907e-11
2.26736e-07
4.73469e-06
5.31764e-06
6.04168e-05
0.980009
5.66767e-08
0.000109929
0.000246672
1.10017e-10
1.53261e-05
0.983014
9.2266e-06
0.000194889
4.4867e-06
0.980368
2.07394e-08
9.27279e-07
1.95189e-10
6.97266e-09
3.08416e-11
0.000568605
8.62577e-12
6.41927e-09
1.55876e-10
5.80882e-05
1.52248e-09
3.07699e-10
0.0634919
5.67107e-09
1.90507e-05
0.000854446
8.21142e-08
0.000310081
4.25378e-11
4.70607e-09
2.25645e-05
2.5864e-09
1.56324e-06
0.983187
6.61127e-07
7.05597e-10
2.77188e-09
4.61431e-06
0.00147545
0.981611
0.980062
0.000247918
2.16897e-06
3.37792e-05
5.21989e-05
0.983063
7.30412e-07
1.03585e-09
2.04118e-06
2.23924e-10
4.40212e-07
1.12454e-06
0.000506616
6.75905e-06
0.962936
0.0144421
0.000121904
6.54632e-12
0.982811
8.01322e-07
7.73753e-09
0.000107552
4.17602e-11
6.72924e-08
1.33099e-06
1.43983e-06
0.00128567
2.66929e-06
0.0183718
0.000430795
4.24778e-05
0.000185374
9.31292e-05
0.979986
1.54241e-08
1.36192e-10
6.09243e-05
4.73108e-06
1.20599e-11
4.55952e-05
6.28067e-09
4.42489e-07
0.000877504
3.89209e-05
0.000595796
0.00411852
0.0181512
0.000947129
6.59722e-08
0.00085864
0.000419159
1.39478e-05
0.00230674
3.23498e-06
0.00330557
0.00074715
4.2246e-06
0.982572
1.15292e-11
1.84444e-05
7.99873e-09
1.38806e-06
0.000945289
0.00844805
0.000204483
7.98719e-07
0.000504512
3.54329e-06
4.369e-06
0.98
3.23241e-09
0.979224
0.000604241
6.97179e-05
0.982445
3.7411e-09
1.46432e-07
2.31062e-09
3.41241e-08
2.65836e-06
2.37158e-07
0.982597
8.07695e-08
0.00468239
0.000942794
9.49231e-05
1.00064e-11
1.54385e-07
0.000107671
1.06003e-06
6.47803e-05
1.25452e-10
1.82065e-06
4.30957e-10
0.981671
1.73779e-07
2.70612e-08
0.974694
1.72746e-06
3.76562e-05
0.00049996
1.97404e-05
4.20652e-10
2.33085e-05
2.47658e-07
0.00199346
7.29591e-10
0.000225133
1.21181e-06
0.0140874
6.61203e-06
2.30746e-06
1.1045e-08
0.978552
6.38267e-05
0.000163996
3.77913e-09
3.26908e-07
1.33001e-05
1.25414e-05
0.000591444
9.3403e-05
3.87823e-12
0.000880411
1.42753e-05
0.976404
8.09113e-11
7.84562e-09
2.63386e-07
6.89753e-06
6.93042e-07
9.92869e-09
8.78563e-09
5.83239e-05
3.44813e-07
3.90147e-06
2.18635e-08
1.82384e-06
3.00356e-07
1.14842e-05
2.21857e-07
0.00772613
3.34975e-06
2.22006e-05
4.81876e-06
2.05788e-08
1.56496e-07
3.6411e-07
2.75625e-05
2.11155e-05
9.22667e-09
4.32385e-05
0.0513142
0.937028
2.1388e-09
0.983151
2.78479e-06
3.25628e-09
1.03816e-06
7.52416e-07
1.35448e-06
3.29573e-07
0.970168
1.09519e-07
0.000277103
1.0247e-06
0.000108426
2.30751e-05
0.00399063
0.00058428
5.3655e-09
0.982928
1.43421e-10
0.000333854
0.982719
9.11594e-05
0.967195
0.00200911
0.982988
1.88691e-07
2.44837e-06
4.06339e-05
2.17224e-11
2.11647e-05
7.36975e-07
2.40673e-07
0.000142004
0.982557
0.0254449
2.83894e-07
2.7252e-09
1.50195e-07
0.000250729
1.90601e-06
4.07631e-09
2.96622e-09
0.00137693
2.02813e-06
8.49986e-09
2.53987e-06
0.00383351
8.54095e-12
5.66583e-10
0.973512
1.2456e-08
5.42274e-09
0.000735124
1.81383e-06
1.63536e-07
6.3961e-09
0.965015
1.93978e-07
4.98062e-06
0.98319
0.00536644
0.000434322
0.967902
3.74955e-05
7.83084e-10
3.98774e-08
0.000845059
0.000226817
0.982771
2.54843e-06
4.94657e-06
0.00324882
8.03546e-07
7.2274e-10
6.34061e-08
1.17299e-06
0.000635231
3.66025e-06
4.9311e-07
0.979114
3.09557e-05
2.02342e-06
0.000116688
0.0035817
0.00503927
1.84421e-07
0.000454868
1.84969e-09
2.79468e-10
0.981903
2.08414e-09
5.68647e-08
5.6064e-12
2.45299e-11
2.4154e-10
4.05898e-12
0.000186532
6.63845e-07
1.10848e-10
7.61494e-06
1.91117e-07
4.63503e-06
3.9048e-10
4.24465e-06
1.04438e-10
1.83304e-09
8.11298e-05
0.0019463
0.980407
0.000192823
7.41459e-08
1.18185e-09
0.00196555
0.0172461
1.42884e-05
1.90614e-06
2.39751e-07
0.000124238
0.953954
1.12603e-08
5.02354e-08
0.000353068
9.55785e-07
2.6244e-05
1.08169e-08
0.000112237
1.42719e-11
2.023e-11
3.47005e-06
1.44584e-05
4.95162e-09
0.967228
1.62324e-05
5.8431e-12
0.982359
3.89728e-05
0.981936
1.96061e-07
0.982218
0.00201697
2.26006e-09
3.2088e-09
1.17564e-09
6.45548e-09
3.15584e-08
0.000542165
0.0315562
1.9005e-08
2.72431e-07
1.9431e-08
0.983157
0.0154534
6.02913e-10
0.982745
3.31093e-09
4.31787e-09
0.00438454
0.000107912
1.86875e-09
4.63348e-08
4.18281e-07
0.056695
2.37305e-09
3.89757e-07
8.08575e-10
3.15946e-05
1.10051e-08
6.07847e-12
0.000430808
3.74332e-09
4.06564e-12
1.04224e-06
3.26678e-06
0.982768
0.00032222
1.99041e-07
1.18146e-05
4.46026e-06
0.978117
0.98053
6.12079e-10
6.68309e-06
5.33982e-05
7.02631e-08
1.80719e-06
0.00413868
2.12443e-08
0.950045
1.3278e-06
0.000147128
0.000249137
1.38892e-10
9.85674e-06
5.08495e-08
0.000360947
3.80278e-09
6.98706e-05
1.70365e-08
1.90514e-11
0.000696439
4.83782e-06
3.09994e-10
0.00117096
2.70851e-07
1.19209e-05
0.00019594
0.00473763
1.12837e-06
0.00549077
0.983264
0.981762
0.981161
0.00142015
2.43804e-06
0.00104709
0.000353726
5.46778e-06
2.37459e-05
0.00979589
0.000103015
1.48327e-06
1.41311e-07
0.000312278
4.75411e-06
3.92411e-11
0.000742358
1.3707e-11
7.22892e-06
6.11183e-10
6.56634e-09
2.69225e-10
0.00047798
0.981099
0.978718
0.000202262
0.00180995
0.982364
2.70295e-06
9.05901e-08
0.000176936
7.31805e-05
0.962496
7.14243e-08
1.15854e-06
0.00259197
5.84721e-07
2.3516e-08
1.07138e-07
7.74115e-06
0.000381546
5.17278e-08
1.0949e-11
4.26468e-05
1.99409e-07
0.981659
4.74108e-07
3.1935e-06
1.72053e-09
0.000201351
0.981589
0.0134446
3.64897e-08
2.32954e-10
0.000502138
2.51046e-06
2.53676e-06
4.20758e-06
0.000858072
0.000446738
2.18954e-11
0.00065977
0.0251441
5.14397e-06
4.29387e-10
4.67952e-11
2.27699e-07
1.49806e-08
1.77321e-10
1.50892e-05
1.92993e-05
1.49799e-06
4.49182e-05
6.02248e-06
9.30468e-10
1.036e-10
2.51856e-10
4.56098e-10
1.89563e-08
0.000270802
5.7085e-08
0.982177
1.82869e-07
5.79444e-08
3.93342e-06
0.972697
0.00050636
2.21475e-05
1.63207e-05
0.00229776
1.32342e-09
1.40952e-05
2.90632e-11
8.11303e-07
1.49918e-05
1.96278e-07
0.00530448
9.71344e-08
1.10251e-05
0.000258565
4.34475e-07
7.20241e-06
1.38856e-06
3.04497e-07
3.09248e-10
2.17487e-08
0.00265841
0.979843
1.64896e-09
9.66849e-06
0.919948
0.981761
6.0139e-10
0.981095
5.76983e-11
0.0264647
1.21792e-06
3.03001e-07
5.15524e-07
4.03132e-07
1.44113e-10
1.12214e-07
6.62282e-06
5.49272e-12
2.64232e-10
4.47939e-08
1.93511e-05
2.29588e-08
4.40703e-05
5.30561e-09
0.000458068
1.40756e-05
6.90157e-10
7.29661e-10
1.52958e-11
0.000609079
0.012119
1.05887e-09
0.000530439
1.36175e-05
3.17778e-09
0.00212538
9.41258e-06
1.02141e-07
4.54756e-11
6.32563e-07
0.982975
0.98321
1.37261e-05
5.39724e-12
5.04621e-07
7.64553e-11
0.979627
3.3415e-11
3.67357e-11
3.86738e-08
0.000119459
4.62952e-11
0.979296
3.99013e-07
5.76958e-08
0.98092
7.10161e-07
2.16047e-07
2.14205e-06
4.69133e-05
0.000213121
0.00012977
5.54611e-08
2.35696e-08
1.4342e-05
0.000163327
0.982449
7.05764e-07
7.42613e-06
1.71604e-08
1.3476e-05
5.67654e-05
6.33268e-08
0.815854
0.00912699
0.000223241
0.0032413
0.000130385
5.07683e-12
2.26187e-10
0.000209275
3.81422e-05
1.72445e-10
0.00558097
1.11442e-05
2.56045e-05
0.00040321
0.983005
2.93469e-06
7.80586e-08
0.0016465
1.78853e-06
3.56573e-06
0.00132764
9.31485e-09
3.29485e-05
2.52916e-10
2.36765e-07
0.000956905
3.18177e-10
1.1724e-08
1.82072e-08
0.981685
2.84425e-08
3.82579e-05
5.68308e-06
2.76311e-08
3.58896e-08
2.64986e-06
6.94087e-08
4.27126e-08
1.45316e-06
0.982062
0.966404
4.28598e-09
1.26987e-11
6.05822e-10
4.71818e-07
4.71294e-11
1.84139e-05
0.977086
1.74957e-07
6.37973e-09
0.975829
0.000256498
5.38725e-12
4.05792e-05
3.72801e-05
6.39914e-08
8.56221e-05
0.0150939
0.0167431
1.48091e-08
1.04552e-05
2.79617e-05
4.21617e-07
9.69725e-05
0.000308706
1.36037e-08
5.04989e-09
3.0101e-05
6.91869e-11
0.982641
1.30162e-06
0.000705047
1.45379e-05
0.980465
1.61378e-11
0.000281752
0.9823
0.982875
3.11678e-05
1.96253e-10
0.000511091
9.2948e-06
0.00056123
0.0102646
3.87224e-12
0.000587959
5.72292e-10
2.80938e-06
5.63491e-06
0.000232353
3.10385e-08
8.17138e-06
5.70741e-09
9.01027e-06
1.81857e-11
4.00233e-08
7.30181e-06
2.93979e-06
0.00038669
0.00158524
0.000125942
0.000113491
9.76764e-07
2.67759e-05
4.4291e-09
1.22577e-06
5.21547e-08
1.84883e-05
4.67722e-05
0.00342987
0.000157006
0.000136351
5.83354e-10
1.4664e-07
0.978674
8.3303e-06
2.5856e-09
1.27216e-08
1.02e-07
3.66672e-06
1.95376e-06
6.1115e-07
0.000875446
7.79943e-11
0.00059681
4.37145e-08
2.05317e-06
0.000172547
0.00161477
0.000199561
2.55944e-07
1.86364e-06
5.08195e-10
0.000118737
0.96481
2.1874e-05
7.13532e-08
2.6488e-05
1.12018e-05
0.00143286
0.982175
2.44556e-05
1.32899e-09
2.51744e-09
6.46991e-10
1.88443e-07
1.1928e-07
5.39742e-06
0.982388
0.980259
9.7279e-05
2.49678e-08
2.40378e-06
8.90025e-09
5.19281e-05
3.97132e-08
2.27416e-11
3.21648e-10
1.03189e-11
0.978406
1.03918e-06
0.982213
9.51574e-07
8.14732e-09
1.2655e-11
0.00132349
3.38201e-05
0.983077
0.000234772
4.95765e-05
0.982631
0.000895636
0.0185663
1.67031e-07
3.69382e-06
0.982537
1.70083e-08
4.72429e-10
9.05676e-12
9.98206e-05
4.87334e-09
6.51624e-05
4.74607e-08
5.30555e-05
1.01099e-08
0.000156466
9.86294e-06
1.75265e-08
2.53053e-09
2.35822e-06
1.32024e-05
3.1125e-05
1.86002e-11
5.2547e-06
8.12108e-10
5.62262e-08
0.980667
0.000238573
5.99036e-07
6.709e-05
0.000172516
3.91819e-05
1.77543e-06
8.9182e-12
3.87401e-12
0.000122635
0.00021272
0.00312816
1.05317e-05
4.20961e-08
1.09054e-05
5.71508e-08
0.000967143
0.00306225
0.965937
1.06832e-06
0.00250093
0.97154
0.98139
4.1112e-05
8.45636e-09
3.494e-10
7.7602e-07
1.82396e-09
0.0156807
0.00109449
7.35049e-06
0.981927
7.47214e-09
0.000535825
0.00944663
1.46849e-11
6.20337e-08
2.20931e-05
1.34119e-07
8.44162e-06
3.66009e-06
0.0485103
0.000311812
6.42552e-09
1.86135e-07
7.06048e-07
1.20112e-05
0.983257
1.01238e-06
3.02178e-06
5.58452e-06
0.000187407
9.27899e-09
2.83191e-06
2.08309e-05
0.982981
1.0625e-10
7.49071e-06
0.000153902
1.60728e-05
4.43414e-06
2.19121e-08
2.61812e-09
2.80337e-10
0.97474
1.77071e-05
5.40671e-07
0.00243339
1.91511e-08
3.93827e-11
0.981731
3.98299e-08
0.00358104
2.84843e-11
0.983214
0.000513949
3.1427e-07
6.86253e-06
1.51762e-05
1.04184e-10
0.000222017
0.00219677
1.19272e-06
0.000445699
1.96874e-07
0.00058587
1.58447e-07
5.05711e-08
4.39311e-10
3.11515e-06
6.29911e-09
0.976646
5.06448e-09
0.980356
3.8658e-12
8.55537e-07
6.87012e-09
0.00331788
0.000383587
2.29162e-05
2.28819e-05
7.5651e-11
7.92306e-06
0.00627288
0.980831
0.978488
2.75163e-08
2.16868e-06
0.000123066
0.00015367
1.86653e-05
1.37253e-08
0.977049
1.92821e-09
2.41568e-07
5.02515e-06
0.980598
6.94969e-08
7.85312e-05
2.10289e-06
0.00100386
1.13795e-05
6.94327e-05
0.00391275
6.12523e-05
6.35361e-08
3.39917e-07
1.21911e-06
0.000173831
0.983147
5.02645e-06
1.15599e-09
4.75496e-07
1.87563e-08
0.000239044
7.25082e-11
0.00051327
5.18782e-05
5.54881e-07
2.57035e-06
3.2902e-07
0.008483
0.00360998
1.71188e-10
5.00405e-05
3.68564e-06
0.951323
0.981227
5.98884e-05
5.95245e-08
0.000192857
2.58485e-10
3.7406e-10
3.79453e-06
1.21729e-07
1.15815e-08
9.22601e-09
9.2652e-08
1.19559e-07
3.73668e-05
1.55764e-08
3.03857e-09
3.97896e-09
4.10703e-07
6.20891e-06
6.52065e-05
4.01434e-12
0.000581753
7.51482e-06
4.39103e-08
1.97514e-09
6.27524e-07
3.21733e-05
3.89521e-07
0.000498107
4.0363e-06
7.13382e-08
1.30456e-08
1.25873e-11
1.65935e-09
1.77532e-06
0.969879
1.53345e-07
5.41306e-05
0.00414655
1.7273e-10
0.981339
0.00230225
0.000804006
0.0243782
6.74214e-05
2.22335e-07
0.000648524
0.97896
3.00673e-11
5.49627e-12
1.68901e-07
0.000535286
0.982083
1.31151e-10
0.0032587
2.13335e-05
0.982541
0.000833515
0.00233097
8.40826e-05
1.07669e-05
0.000860797
6.56875e-05
0.011651
0.000435375
1.36879e-06
1.42093e-11
9.93605e-11
7.36167e-05
7.79066e-12
0.973106
2.44091e-11
2.30468e-08
0.000290124
1.10676e-11
1.45575e-05
4.28429e-06
0.000304184
1.18879e-07
0.980926
2.84062e-11
1.02283e-06
0.963912
0.00356582
1.18671e-05
2.44048e-05
0.979837
0.000183606
0.00343975
0.000371309
2.0455e-08
4.54368e-10
0.000714039
8.82493e-06
2.11595e-06
1.35677e-05
3.18178e-09
6.90753e-07
9.14875e-06
4.18232e-11
0.98185
1.99612e-05
0.000150078
0.000477732
0.98329
4.89808e-10
0.000112036
0.000470002
3.4721e-08
0.981699
9.36581e-07
0.98034
0.981294
5.91138e-07
7.22999e-05
0.00461566
2.03346e-11
5.58326e-10
6.04905e-11
3.04816e-06
2.62634e-11
0.982234
0.00135006
0.0122878
0.983075
2.81919e-11
5.09494e-09
0.403948
3.52397e-09
5.18104e-08
7.72754e-09
3.07815e-10
0.000148146
4.96595e-07
4.86554e-08
0.00470459
3.72856e-07
1.72473e-08
2.03807e-05
1.81514e-05
0.981165
7.138e-05
8.08863e-07
0.977724
0.00121811
0.982677
0.983178
0.000579257
0.0104817
3.21963e-05
3.01512e-11
1.63559e-07
2.53241e-05
1.13901e-10
1.82845e-09
0.000411665
5.92605e-07
4.68622e-09
6.74803e-09
1.25134e-06
1.72431e-07
1.13742e-05
0.00100411
4.64074e-05
3.57683e-07
3.20858e-07
0.00236048
1.95728e-08
6.68445e-06
0.000759572
6.91735e-10
0.000804192
2.33011e-10
6.43824e-07
0.00101572
3.26331e-10
1.23192e-05
9.92193e-05
6.48827e-07
2.98242e-05
4.51013e-08
9.37308e-06
2.01597e-05
7.37836e-06
4.03797e-06
0.0432656
5.99367e-06
1.0373e-05
0.00165642
4.06803e-06
4.76057e-05
0.00202225
4.75224e-06
1.1333e-07
4.74628e-09
0.000138283
1.14512e-07
7.17511e-05
0.981856
9.4269e-12
0.000384915
9.81661e-05
0.000201277
1.64399e-08
2.50533e-10
0.950521
3.67805e-09
0.00172003
0.000737164
2.70672e-05
3.84609e-09
0.000738543
5.18438e-07
0.0035589
7.82045e-05
0.000205243
9.1174e-06
7.34155e-09
7.98444e-05
4.71826e-08
1.06115e-05
7.67359e-07
0.972098
1.6056e-09
3.11052e-06
1.59164e-07
0.982722
0.00133333
3.23233e-06
5.71399e-09
5.38687e-08
1.84777e-08
2.31293e-08
1.21375e-08
4.68674e-09
5.28542e-05
2.56509e-08
2.39776e-05
0.982448
8.69816e-08
0.00251895
0.00170891
1.69179e-09
5.83568e-10
1.87097e-11
0.0307533
1.33971e-11
4.48058e-08
2.3699e-06
3.50543e-08
1.33607e-07
4.08007e-12
1.0556e-08
2.67737e-05
3.96234e-08
5.61699e-10
2.49447e-06
1.84007e-09
2.2899e-11
0.000928363
2.76646e-09
0.981024
0.0144808
1.23724e-10
0.0015044
1.74017e-06
3.16258e-06
8.97162e-08
0.197701
0.000577297
1.1065e-05
0.000124462
3.71907e-09
0.00680588
0.00764146
2.50611e-09
6.96201e-11
2.78877e-08
0.00777829
7.68274e-12
1.45038e-05
1.98206e-05
2.0025e-07
0.980578
2.94424e-05
6.67871e-09
4.02312e-06
0.981955
1.70744e-06
1.05582e-05
2.36142e-05
0.000777343
1.55973e-05
1.1471e-08
3.78345e-07
3.57338e-10
1.46559e-07
2.56184e-05
1.35017e-08
0.00184616
0.0043424
7.08306e-09
0.000128749
0.00012762
2.7615e-05
1.34755e-08
0.00186348
3.52954e-06
8.76978e-09
1.32432e-06
8.1697e-08
9.51138e-05
5.33252e-06
7.70004e-06
1.38126e-08
0.000620174
0.982752
1.17801e-06
1.8827e-06
1.79871e-10
5.76914e-06
9.64189e-07
1.64921e-08
6.44717e-10
8.37488e-05
0.982241
0.00458142
1.51522e-05
7.0394e-09
0.00110905
0.000118119
3.91218e-06
5.07118e-07
9.4198e-12
3.00119e-05
1.33914e-05
0.00765915
9.62355e-11
0.00382754
2.53733e-10
0.00120032
0.00318416
0.979571
0.000372913
9.38813e-08
2.18635e-05
0.063333
5.80115e-06
0.000330967
0.976714
0.000213014
9.42609e-10
5.76965e-09
7.67519e-12
1.19073e-05
0.000169115
0.00175903
3.54951e-05
0.000442708
5.89493e-10
5.76237e-07
2.03897e-08
3.51401e-06
1.37942e-07
2.39917e-08
3.39316e-07
8.48915e-06
1.9629e-11
0.980622
0.00322114
4.20842e-05
9.53112e-07
0.00013154
1.20566e-06
7.28189e-11
0.0010751
1.51387e-06
8.04024e-12
0.0041521
0.00175004
1.1517e-05
3.92915e-07
0.000194603
1.1259e-05
1.78745e-07
9.69978e-07
0.976894
4.02367e-12
8.6348e-06
6.89471e-12
3.8976e-07
3.08679e-09
6.81392e-08
1.15472e-10
0.98118
4.05358e-07
0.000143473
6.28164e-06
8.85025e-05
7.55424e-06
0.000229375
1.29508e-09
1.44801e-08
0.0017428
3.86933e-06
5.28574e-07
0.000104686
6.57166e-06
0.982348
5.30166e-05
0.216481
0.00129065
6.81474e-08
6.1047e-06
2.7669e-10
8.35847e-11
9.19766e-11
6.41941e-07
3.27633e-05
1.37799e-07
3.41726e-07
0.0012709
1.33451e-11
6.28628e-05
1.79508e-07
1.19793e-05
2.81395e-11
2.31918e-07
3.2818e-06
2.21494e-10
2.20626e-11
0.000392033
5.95568e-07
3.28809e-09
2.02629e-08
1.94418e-09
0.00105769
6.15485e-12
0.00014675
0.983245
8.89527e-07
1.65866e-06
0.000165442
0.00118076
3.4518e-06
0.977972
0.975846
5.4604e-08
0.0074712
2.4663e-05
0.002345
0.980674
0.982444
0.000511424
5.81998e-06
2.30203e-08
2.26143e-05
0.000766345
9.81431e-05
0.000845543
0.980875
1.36501e-07
7.52552e-06
0.000404263
3.49871e-06
4.38715e-06
0.00339141
0.98295
0.000603341
3.93086e-06
0.00141034
8.08626e-06
0.000335864
1.19327e-05
0.000107421
1.53091e-05
5.15207e-09
0.80496
9.36591e-07
0.00113676
1.76579e-10
3.93908e-05
2.94325e-10
2.97466e-08
0.0112928
3.93752e-07
8.95906e-12
0.000141628
0.000365447
1.51199e-07
1.03295e-05
7.26447e-06
0.000125404
2.23123e-05
6.33991e-09
0.000927082
5.40856e-12
1.80905e-07
0.00174489
1.98732e-08
7.62511e-06
0.968062
4.94795e-10
0.98331
5.32049e-05
3.12243e-06
3.95088e-05
2.17616e-07
1.71617e-05
0.000568263
5.71647e-11
0.00480008
0.000300796
0.0140457
6.34731e-05
4.85611e-06
7.96628e-10
0.00017757
8.0308e-11
0.982775
1.63664e-05
4.89388e-10
2.32808e-08
4.09236e-08
0.580109
4.76436e-06
3.03161e-05
6.8874e-10
0.983215
1.02858e-10
2.14175e-07
1.04339e-10
1.30704e-05
2.35185e-10
3.45632e-11
0.0332012
0.000439059
5.03347e-09
1.18662e-08
5.89496e-05
5.88689e-05
6.54646e-05
8.07794e-07
0.00331745
0.00132358
1.82086e-09
3.59417e-10
0.980848
3.14266e-11
5.2945e-08
3.76867e-11
2.78155e-05
4.89999e-06
1.43413e-06
3.34966e-08
6.71843e-08
1.19372e-10
2.85675e-08
1.53017e-06
2.0538e-05
2.62024e-08
0.000533867
0.00062059
0.00317798
3.82803e-05
0.0139719
0.00015841
1.0748e-05
5.80794e-07
0.983194
0.0401675
0.000256157
6.83725e-06
0.0027208
5.40336e-06
1.09687e-07
0.0173956
1.32753e-07
4.80243e-09
1.27816e-08
0.000479502
4.77805e-10
0.000140815
0.00145215
0.951256
2.26713e-06
1.5086e-06
1.59869e-09
7.893e-11
1.18137e-07
1.04613e-10
3.82409e-07
1.88378e-10
0.000168331
0.0019566
8.21168e-11
0.000239319
0.980187
3.83515e-08
5.93757e-05
3.67046e-09
0.000157915
0.97945
5.90107e-08
0.939415
5.43188e-08
0.000663424
3.4006e-06
7.88347e-12
2.45782e-06
0.000366359
0.000802214
1.6082e-09
1.75176e-05
5.40035e-12
3.45532e-05
9.87109e-05
0.979964
3.21212e-05
0.000395061
2.80119e-07
0.18129
4.81871e-08
0.956342
0.000296648
2.15801e-06
0.00116113
1.34153e-11
9.19454e-06
0.000437074
4.07149e-05
6.65079e-10
4.44201e-09
1.14977e-05
1.03918e-10
1.71494e-11
0.000712667
3.66077e-08
4.59497e-10
1.19486e-07
0.00147245
1.94882e-08
0.982878
0.000633021
0.98285
1.64216e-05
4.85649e-10
4.46431e-09
0.000161415
0.824759
0.000258024
0.000804448
1.30376e-10
0.00408022
3.48641e-08
2.31911e-06
5.18681e-11
6.68344e-07
1.93692e-11
0.977495
4.22275e-05
6.34819e-07
3.51469e-10
4.34031e-09
2.31823e-06
1.14491e-10
2.19912e-10
7.20459e-08
5.10459e-10
1.38696e-11
7.09515e-05
3.16384e-09
7.39588e-05
0.004814
4.35138e-05
0.00611193
1.10683e-09
7.27749e-05
0.0176845
3.52952e-06
0.924459
0.979518
1.0687e-07
1.39182e-11
2.83338e-08
9.15669e-06
0.0055158
2.16674e-05
0.000218552
0.011344
1.18709e-07
0.98075
2.04433e-07
0.982596
2.39734e-07
0.000220907
2.86744e-07
1.37313e-07
3.46738e-11
8.19355e-09
1.99393e-10
0.0150667
8.44618e-06
1.37643e-08
0.976972
5.94983e-09
0.000210335
0.000531685
2.38333e-10
0.00482492
9.34081e-06
0.95828
0.000298298
1.01307e-07
0.98094
4.41885e-06
6.3176e-05
0.00659312
7.94541e-07
0.983065
0.000710969
9.1325e-06
7.46303e-11
0.000106598
0.981261
5.84892e-08
4.2143e-07
4.05014e-07
3.30268e-06
2.92989e-07
4.45795e-07
0.00930892
0.000185119
0.976699
0.0002739
8.47288e-06
4.06249e-07
1.31676e-06
1.11934e-06
2.4599e-11
8.19311e-09
0.982779
0.000619631
3.31858e-09
7.30196e-07
7.03211e-05
1.19928e-05
0.00354009
0.0208375
8.93301e-07
0.00145511
4.82964e-08
1.33027e-08
1.61694e-06
3.40814e-05
5.73667e-09
0.000135703
5.33455e-10
0.0127891
7.02462e-09
8.58412e-07
0.000117342
2.68219e-05
0.981316
6.59728e-05
3.7791e-05
1.02457e-05
3.15477e-08
1.62838e-05
0.978266
0.000181209
0.979428
7.29297e-06
3.4474e-10
0.000400029
2.8431e-10
0.0176076
1.0405e-07
2.99064e-06
1.75044e-05
0.982084
2.83462e-11
9.61422e-10
0.00499123
6.46152e-06
9.89275e-12
8.81155e-10
1.23388e-06
0.933201
0.981597
6.02224e-08
0.00325955
3.30232e-10
1.696e-11
0.00727913
2.69435e-08
0.000987217
0.158595
7.23191e-07
4.23883e-09
2.34857e-05
8.77477e-06
1.09202e-05
1.27776e-06
1.63665e-05
0.981251
3.89391e-05
1.3912e-05
1.65893e-08
9.28765e-06
0.00118145
0.0298035
0.977744
0.968803
5.34168e-10
6.04125e-09
1.69446e-10
0.000241986
0.982269
2.14621e-08
0.0010742
1.6185e-08
2.53813e-06
1.55664e-09
0.00289169
6.15491e-06
2.37777e-07
0.00349812
8.91108e-07
0.00299652
2.44633e-10
6.08114e-12
0.965799
4.10915e-09
0.981261
1.26613e-05
0.00056151
6.82723e-05
5.93117e-08
1.66905e-05
0.0016096
1.40169e-10
0.917239
2.77476e-05
1.13752e-06
2.32059e-06
0.00029148
0.000125522
0.9815
0.000295996
1.12442e-08
7.22947e-07
0.000150068
0.000113191
6.26652e-09
0.981269
0.0021083
3.60374e-07
3.61791e-05
0.000442128
0.000442227
2.52147e-09
0.00764558
0.000431613
2.87083e-06
2.29262e-08
0.000359507
0.000395139
1.08363e-06
0.000882193
1.46047e-05
5.5504e-06
1.58223e-05
0.0331166
7.12923e-05
0.00385012
0.983246
0.970269
4.74692e-08
1.52214e-10
4.3938e-05
3.01584e-05
0.00172183
4.88676e-12
4.05828e-06
1.68565e-06
7.09109e-10
0.981343
0.000548231
1.48827e-06
6.8748e-06
7.87043e-06
2.82278e-06
4.89559e-06
2.05559e-05
2.03219e-09
0.00059137
1.12884e-09
9.56697e-07
9.45236e-09
1.7818e-09
1.61574e-08
8.62313e-10
0.0306726
0.000825414
7.82782e-08
2.15994e-07
0.0453549
2.81803e-05
1.53517e-06
3.72037e-05
2.73375e-07
0.981925
0.970404
1.62403e-09
0.0212272
0.000627967
1.58712e-09
0.000302195
5.07989e-11
0.00972675
3.42883e-05
6.7083e-07
1.83609e-07
0.0395995
4.63773e-08
9.68589e-06
7.94679e-05
6.69742e-06
0.00323153
6.5046e-07
0.000246371
6.10633e-08
6.86281e-05
7.7946e-09
0.00634967
0.000309287
1.75326e-06
2.12117e-10
0.00354488
7.77776e-09
1.88423e-06
4.57504e-05
0.000136029
8.50929e-09
1.08543e-09
1.12272e-06
1.50103e-10
0.983184
0.000332753
4.03309e-05
4.59284e-11
0.979499
4.20596e-05
5.46802e-05
0.234874
2.8585e-05
3.92889e-05
0.977161
0.982837
2.94123e-10
4.23224e-11
3.8622e-05
9.94288e-05
1.79101e-09
2.6334e-05
4.25059e-07
8.76294e-05
0.0561471
0.000178782
0.000115182
6.88359e-06
0.000159302
6.19968e-07
3.60623e-10
0.000412077
4.22953e-11
9.88836e-07
9.55226e-06
2.41131e-08
2.45984e-09
9.23462e-07
1.86682e-06
1.4912e-05
1.00643e-05
4.50605e-08
7.85637e-07
1.73936e-08
0.000240013
0.974691
6.55331e-07
0.00820153
2.18509e-05
3.58765e-06
0.973816
4.12448e-12
0.982328
0.0351721
3.64843e-10
0.97944
2.42288e-06
1.28119e-05
0.000511113
6.15982e-06
5.00281e-05
0.00183529
5.4666e-09
0.000312008
0.000762924
0.00172468
2.08635e-08
3.0554e-07
1.1877e-07
1.47735e-10
6.94114e-07
0.0131343
5.16236e-07
4.14566e-11
0.000280813
6.00372e-05
2.33571e-05
2.33931e-10
0.00313335
9.36178e-09
3.79809e-08
0.000597805
8.46229e-08
1.22714e-08
0.000299026
1.44487e-09
4.17177e-07
0.00143391
1.18209e-08
3.55758e-05
5.08083e-09
5.16879e-05
3.4994e-11
0.90644
6.16842e-11
5.18419e-06
3.89444e-12
3.60705e-08
0.983134
0.979376
7.61076e-05
4.91389e-06
0.944959
0.94231
0.980476
0.000370373
0.0751323
9.09458e-10
0.978797
0.00841013
0.00185371
5.0044e-09
0.875128
3.28578e-10
0.00107791
3.2812e-06
0.95274
0.000141141
4.05861e-07
7.46406e-05
0.00083085
1.00407e-07
0.969379
1.39587e-05
5.64326e-12
3.24956e-05
0.00339781
6.51434e-12
1.17235e-05
3.56646e-07
0.000105546
6.39281e-06
3.05522e-05
2.79604e-09
3.69065e-05
0.00124335
5.78862e-07
1.46956e-08
5.92414e-07
0.982927
0.0449309
0.000165391
0.00010138
3.33744e-05
1.31204e-09
0.0113144
1.91867e-05
0.0018397
5.81246e-12
4.66456e-08
6.38713e-09
0.000117738
2.76288e-10
2.4484e-11
8.29945e-10
4.40738e-08
8.36105e-09
4.88484e-05
1.60312e-05
0.00387467
5.97558e-08
1.26057e-05
1.14152e-05
1.53498e-09
0.374945
2.38327e-07
0.0571919
4.70235e-07
0.00120309
3.02163e-06
0.000321914
7.15414e-08
5.17846e-07
3.73622e-05
4.34541e-12
0.00121612
0.000508386
6.12045e-07
6.46079e-07
9.24297e-07
2.11451e-07
0.000533654
0.0405556
0.00130899
7.32862e-07
2.10943e-05
3.00703e-08
0.98041
2.44949e-07
7.72496e-08
6.12443e-12
0.000239806
4.34031e-12
9.29611e-07
2.96582e-08
0.00424557
0.000219459
6.73424e-08
1.73686e-08
9.28088e-09
9.09432e-07
1.20587e-08
1.81627e-05
5.55028e-09
1.12285e-05
4.35131e-09
5.81598e-06
0.00637311
2.63263e-11
0.00193247
0.0102422
1.27382e-08
5.42326e-08
4.85105e-09
0.967525
0.000110064
0.0988154
4.9568e-05
1.10333e-07
2.82491e-06
2.43567e-11
