1.22217e-09
6.81395e-11
1.57587e-05
7.44738e-13
0.912592
4.61431e-11
1.88879e-06
0.942021
0.967342
3.3318e-08
0.904935
1.62049e-08
3.48593e-06
2.69145e-09
2.65464e-07
0.971268
0.971057
2.16984e-11
1.12399e-11
0.942122
6.79345e-11
4.17397e-08
1.94169e-07
0.968176
3.03713e-12
3.0827e-06
9.30129e-11
0.00010489
1.8251e-08
0.953061
7.49146e-08
4.41847e-12
2.0524e-11
4.49895e-07
0.971306
5.94038e-07
5.86882e-11
1.26077e-12
0.96798
2.43928e-08
3.91975e-09
1.59707e-09
0.00614108
3.02156e-06
0.969855
1.99746e-08
1.34373e-08
0.927435
4.80845e-07
6.16174e-13
4.89034e-07
9.22066e-06
2.54585e-09
5.36813e-09
7.01563e-09
6.54123e-11
3.1367e-10
4.68421e-11
4.48521e-05
0.968744
2.22708e-09
0.000155344
2.35967e-11
3.19452e-05
2.62637e-07
0.969729
7.39082e-11
1.21126e-10
0.966353
0.0016622
3.89488e-12
5.22108e-06
1.66962e-11
5.6091e-10
3.22831e-12
3.49103e-07
0.971161
3.43345e-08
0.000264827
0.00149285
7.92255e-13
1.65597e-06
3.82745e-05
0.00248084
2.04157e-08
2.35394e-06
1.1833e-11
3.26112e-11
1.27693e-08
0.971408
2.28539e-06
2.83252e-10
2.04962e-06
8.41549e-13
5.5713e-09
0.531736
1.9557e-09
3.6105e-10
8.90614e-09
5.15347e-06
6.21312e-08
0.00391292
3.9055e-08
8.71434e-05
1.45373e-10
0.00143391
6.51477e-06
6.57743e-11
0.0175354
1.25869e-08
7.85708e-08
0.968505
1.27454e-12
8.87956e-13
6.34366e-09
7.11227e-11
5.78302e-11
8.03166e-10
4.72798e-09
1.35873e-09
1.37381e-10
0.00631857
5.95082e-11
2.27487e-11
0.954613
0.970344
1.61247e-08
0.953752
1.68868e-07
1.14991e-05
1.90759e-11
0.970499
1.28741e-12
3.89912e-08
4.69417e-07
8.07376e-09
4.71784e-08
2.57461e-12
3.58491e-05
0.000112901
3.86979e-08
0.00533161
8.35959e-06
1.54698e-12
0.97154
3.17005e-10
1.2342e-08
3.52396e-07
0.971188
5.44505e-10
0.96892
1.0555e-10
0.00197505
0.00381976
0.48416
2.2688e-10
3.31821e-10
2.02438e-12
0.00150438
4.81465e-10
1.32424e-07
0.000326528
0.939484
1.74711e-10
8.07892e-06
2.77804e-07
0.970052
1.59539e-12
5.08864e-11
4.25984e-11
0.933972
0.971598
0.000360441
8.08467e-05
5.89084e-13
7.91379e-09
1.58398e-11
0.970455
2.88727e-10
0.971494
7.71926e-05
0.000453495
0.963651
5.29152e-06
7.22014e-11
5.38044e-07
0.971564
2.05452e-07
0.000155926
4.31299e-12
0.964189
1.48092e-08
1.95318e-09
1.26127e-10
0.0073664
1.3276e-12
5.46585e-12
1.65619e-08
2.21165e-07
0.357224
4.04498e-08
0.00918894
8.60448e-09
5.6577e-13
1.56564e-12
0.000412004
3.99392e-12
0.918276
1.2559e-10
0.00021685
4.87008e-08
0.971341
1.02842e-05
3.34274e-10
5.76126e-05
4.40923e-11
0.937878
1.28412e-06
0.969033
1.61662e-10
0.970337
5.60967e-05
5.51228e-07
5.50835e-08
1.86153e-08
1.80687e-06
1.14034e-07
1.98833e-10
3.81406e-12
5.88449e-07
7.73596e-08
1.04838e-07
3.47879e-05
1.09621e-09
6.00092e-09
2.61082e-07
2.06781e-09
2.32105e-11
2.41208e-08
0.962879
5.99119e-11
0.964092
9.47525e-10
0.97157
6.59567e-07
3.88619e-09
1.65269e-07
0.96458
5.3344e-12
2.60802e-10
8.09911e-06
0.97108
0.959274
1.12551e-09
0.00025534
0.953809
1.08511e-07
1.46921e-05
0.969029
4.50807e-07
7.22089e-13
9.04832e-13
5.17457e-07
7.94982e-08
1.04916e-12
0.00260758
8.34006e-10
4.23144e-11
2.8592e-09
8.69027e-10
2.69648e-09
4.73487e-05
0.00750892
0.000187352
8.50321e-08
5.69486e-05
2.23312e-10
5.2792e-10
2.85387e-11
1.10197e-09
0.922693
7.53244e-06
0.950088
2.20934e-12
3.04047e-07
1.19892e-10
9.16822e-13
1.26059e-11
0.00256443
0.0400695
2.01368e-08
4.73547e-07
2.69729e-05
0.615517
1.59683e-08
6.55029e-09
7.06124e-12
1.43803e-06
6.03673e-12
0.971402
0.969086
1.41709e-07
4.52394e-12
0.949556
5.08305e-11
2.90253e-07
1.71552e-09
7.47624e-13
2.87958e-08
0.969285
4.91229e-12
0.0252659
8.1423e-10
2.69718e-08
8.84923e-10
2.60931e-06
5.08278e-06
0.00588263
1.30602e-06
1.59317e-12
8.2217e-10
2.33593e-06
0.96104
2.35104e-07
3.17641e-07
2.68715e-08
3.35818e-10
2.02787e-10
1.25175e-09
0.000133985
0.970267
6.40399e-11
1.1019e-05
2.72153e-07
1.53292e-10
0.000333545
4.95559e-12
0.000151962
1.54269e-08
0.965745
1.04537e-10
2.82996e-12
6.19108e-05
7.83703e-07
0.00174372
3.0582e-11
2.37128e-10
5.81149e-05
0.970987
3.68669e-09
1.3946e-10
1.8583e-05
7.16827e-10
8.24008e-13
7.19769e-05
2.16619e-06
4.14417e-11
4.90976e-05
1.44116e-07
6.24234e-12
3.17608e-08
2.90207e-05
5.18252e-05
1.54123e-08
0.969294
0.925255
6.42819e-13
0.0034038
0.203228
3.53999e-05
5.72209e-13
0.969063
1.40706e-05
0.964173
4.07722e-10
5.56238e-10
0.00154876
8.47495e-06
0.971619
2.5677e-06
2.59859e-12
4.4732e-10
0.955214
5.2045e-12
2.96324e-08
3.46195e-09
0.963966
2.29821e-10
2.92347e-10
5.86934e-06
5.38358e-07
0.969783
3.5677e-08
3.40261e-12
0.92607
2.82238e-08
4.6297e-11
0.970371
1.26005e-10
6.22461e-07
2.28015e-08
0.971062
8.57816e-08
1.98891e-09
9.10991e-09
2.41782e-08
1.01472e-07
5.97544e-07
6.17673e-08
0.970519
0.968373
9.69713e-12
4.35387e-08
6.90279e-10
0.944023
1.33486e-09
9.88905e-09
4.50528e-10
4.1982e-08
2.80589e-08
5.74422e-06
4.95663e-09
1.91984e-11
1.89331e-11
0.961153
8.84103e-07
2.9468e-08
1.31214e-09
3.13698e-08
1.49959e-09
9.13526e-08
1.80158e-11
3.01122e-10
0.970971
0.000140895
0.971598
1.2343e-06
9.86863e-07
3.86894e-07
9.74043e-12
2.45252e-07
0.000545022
1.59642e-06
7.12736e-06
3.0552e-09
0.000165547
1.26394e-09
8.96946e-10
5.43099e-09
2.51399e-12
4.36866e-10
1.86983e-07
0.000238887
3.43935e-05
5.12839e-10
4.7608e-08
2.22254e-09
0.96986
0.96434
1.22769e-10
1.97783e-07
6.52765e-10
0.959329
3.50387e-07
0.966279
0.967653
1.08333e-05
9.77303e-11
3.97038e-12
3.36752e-05
2.80365e-06
0.94423
3.05069e-09
9.25674e-05
2.10885e-10
0.970336
8.11388e-09
3.24552e-09
0.000149314
4.22264e-11
4.86078e-08
0.000199304
7.79529e-06
0.961933
3.6346e-06
7.39409e-13
0.96713
0.971355
0.000273627
6.64825e-10
1.8151e-11
6.01708e-06
4.13204e-09
1.87301e-09
0.000173382
1.40679e-06
7.88955e-07
0.00388921
0.971437
5.20051e-12
1.27571e-07
2.62707e-09
0.927846
1.5828e-11
4.47277e-09
8.04732e-08
2.2928e-09
4.59712e-11
8.03948e-11
1.7837e-07
1.04833e-07
4.31314e-08
0.960839
0.00014605
3.10625e-07
2.79263e-11
2.27366e-10
8.18327e-10
3.01549e-08
9.15836e-11
2.54726e-08
9.42605e-08
1.66482e-09
0.00100874
1.202e-10
0.636391
7.62079e-12
6.39933e-13
2.7501e-10
1.16129e-11
3.82602e-09
8.37204e-09
4.45635e-07
3.40185e-10
1.81499e-12
4.93145e-08
1.36542e-09
5.7554e-13
0.940356
0.959465
8.46243e-06
1.47525e-08
0.97092
8.8202e-08
0.00164699
0.887715
0.00446667
2.70524e-05
8.55294e-12
1.58643e-09
7.6427e-07
8.04206e-11
0.970629
7.12145e-10
7.42366e-09
3.5661e-07
1.65246e-12
1.48193e-12
8.43391e-05
7.36768e-09
3.75278e-12
1.71501e-11
0.967116
3.25665e-10
4.34213e-11
4.14346e-05
0.970474
0.000473113
1.84391e-09
8.56231e-08
0.971616
9.87601e-09
3.49868e-08
2.38491e-11
3.52629e-10
0.00431052
6.82751e-09
7.44859e-09
0.00253898
1.05469e-10
2.61844e-05
0.938034
1.97783e-06
9.51449e-06
1.07182e-10
1.14717e-11
1.69725e-06
3.40588e-08
0.966672
2.37654e-12
1.4344e-07
0.967119
1.38656e-07
6.55034e-08
3.93868e-10
6.07048e-12
0.716492
0.000617555
1.32916e-12
0.965112
1.72405e-10
0.00127147
7.68874e-11
0.971629
5.89528e-13
2.97524e-11
0.00587301
4.47006e-07
1.70413e-09
5.24166e-09
4.5251e-06
1.58185e-12
1.91155e-06
3.22386e-05
7.17431e-08
0.970044
7.41833e-11
3.2463e-07
0.946518
4.24893e-06
9.27816e-10
7.40625e-08
0.942721
1.29061e-07
1.58504e-06
3.11958e-06
3.77812e-10
5.65548e-13
0.969997
0.000204653
0.97108
2.40341e-08
6.95472e-10
0.946636
5.45055e-08
3.59448e-11
0.956874
0.970758
1.08578e-11
7.71024e-07
4.73412e-11
1.15126e-08
0.00243092
1.03277e-08
8.06466e-13
5.09925e-12
0.00579767
3.26694e-12
1.3895e-06
0.963621
1.23044e-10
6.27341e-07
0.000112806
3.45732e-07
2.39107e-10
0.00059017
8.67921e-08
8.21916e-11
9.13775e-07
1.41802e-08
0.932053
2.29488e-06
6.62797e-09
0.00176396
1.54454e-12
2.30601e-08
1.73479e-11
2.73339e-11
9.37108e-06
1.26551e-05
4.28191e-12
0.000128571
0.00195677
7.22755e-12
5.70183e-07
7.57192e-06
1.48004e-06
0.970967
1.98998e-06
2.86193e-12
0.963055
1.39282e-10
2.28993e-10
0.0158981
3.07836e-11
4.15288e-09
2.53491e-06
2.76586e-08
4.60925e-10
0.96478
6.01297e-13
0.0204681
1.47934e-10
0.00012826
1.2847e-05
0.000957946
2.66522e-11
2.4809e-06
2.01128e-12
0.000122542
0.000144084
2.54072e-10
1.2023e-05
5.97901e-07
8.14764e-09
0.971288
5.14308e-05
4.806e-11
3.89733e-12
3.12566e-05
0.000191496
1.05664e-09
1.72979e-07
2.05329e-06
3.53246e-10
0.971588
0.970357
5.72026e-10
5.5026e-09
3.85428e-07
0.00105871
6.2306e-10
2.96345e-08
0.950438
2.56328e-12
0.95087
0.964502
6.34518e-10
1.36777e-05
2.61614e-06
9.40941e-09
9.46122e-05
1.04772e-11
4.58599e-06
1.12435e-09
3.45073e-05
1.1102e-10
1.08096e-05
1.51233e-08
3.25609e-05
0.87858
1.09076e-10
0.00289643
1.41484e-08
1.03293e-08
0.000208558
5.87301e-11
7.33714e-07
1.38312e-12
0.9682
8.04563e-08
0.944923
0.971341
0.00134258
0.000275218
2.20862e-08
0.97132
0.291582
0.000147588
1.40261e-10
3.38045e-11
0.967344
6.14686e-07
0.000143937
0.000726351
0.971208
0.951008
0.97153
2.97016e-09
7.89924e-12
2.10972e-06
2.34013e-12
0.607771
7.49288e-08
2.77166e-07
5.61783e-06
8.71525e-13
0.970483
1.15297e-07
3.86881e-09
6.96132e-12
0.923862
5.79583e-07
7.23001e-10
1.51478e-10
4.20658e-09
5.15628e-11
9.82463e-07
0.962481
1.01787e-11
2.34899e-11
7.20257e-11
3.21008e-11
6.30445e-08
6.37807e-07
0.971208
2.58907e-06
1.70387e-08
1.19855e-11
0.949851
9.60365e-12
0.00019029
0.000221413
0.691969
5.49233e-06
0.971606
3.95243e-10
8.47221e-10
2.82655e-10
1.16085e-06
1.03057e-10
2.46728e-08
9.73555e-12
0.968604
2.49121e-07
2.22026e-05
1.06173e-11
3.09775e-05
1.36767e-09
5.30936e-06
0.935161
4.04565e-12
5.44857e-10
1.61746e-08
0.969924
1.72004e-09
0.969901
8.06611e-07
0.93319
5.59343e-06
0.958437
2.67079e-05
0.958034
9.66153e-09
0.964157
1.0328e-08
1.01503e-06
0.970034
3.65811e-07
0.971432
1.6154e-11
0.965616
0.961624
4.98231e-09
6.95297e-06
7.77943e-05
3.74603e-08
8.9968e-09
8.85349e-07
7.57344e-08
5.74139e-09
9.15365e-08
2.10032e-12
0.96694
1.6528e-07
7.9714e-13
2.06304e-11
7.80157e-08
4.36753e-06
2.21563e-08
0.867401
0.000215003
2.23072e-07
4.23492e-06
0.901654
7.87443e-10
1.27081e-05
2.18058e-05
2.73851e-07
0.00430428
2.15277e-08
0.784194
4.88588e-07
0.923318
1.52935e-10
1.97747e-07
2.63312e-06
1.37845e-12
9.47176e-12
0.800305
5.32822e-05
0.000142823
5.691e-10
2.6035e-07
2.05315e-09
2.20659e-10
4.10422e-07
0.00167914
2.53997e-09
6.3558e-06
9.26972e-08
2.55077e-07
0.96893
4.31073e-08
2.64042e-11
3.22225e-08
1.2488e-08
5.00114e-09
3.59845e-12
0.969062
6.89971e-08
2.76223e-09
1.83965e-07
2.44915e-12
6.53246e-11
2.08165e-09
7.34517e-05
4.03552e-09
6.47038e-13
8.59369e-08
0.96847
2.39251e-11
3.24346e-09
1.86762e-12
1.08611e-06
1.71391e-05
1.24492e-08
8.73507e-05
1.87519e-06
0.950215
6.22835e-13
0.848024
0.00269249
4.47657e-06
1.44381e-05
7.29244e-07
0.000192665
1.60771e-09
8.03621e-08
0.965908
3.57778e-11
0.925487
0.822693
3.35918e-10
9.07274e-13
2.68712e-11
1.46924e-09
0.00302612
1.80244e-07
5.61773e-13
0.0010752
1.28502e-07
2.24734e-06
2.6148e-12
0.93839
3.68954e-06
0.970447
0.947472
4.62836e-11
2.40015e-11
2.59259e-12
2.03622e-05
0.797769
4.12491e-10
8.85665e-09
0.965402
4.6179e-08
3.73091e-09
0.000100907
7.78862e-07
1.96983e-10
1.25563e-07
2.67917e-11
1.22849e-07
3.18656e-12
8.1755e-09
3.47446e-05
4.86879e-09
7.93536e-07
3.03353e-07
1.23896e-07
0.971085
1.50619e-09
9.32816e-08
0.967658
7.39553e-09
3.04073e-08
0.971253
2.52493e-06
5.13129e-10
2.20352e-09
8.63958e-09
1.54208e-08
0.00200973
4.01521e-10
5.48266e-05
0.000435456
8.22051e-11
1.54433e-09
0.97125
6.0276e-05
1.39236e-07
9.15604e-05
3.40435e-10
5.25426e-05
3.57803e-12
0.963759
1.82531e-07
1.13947e-09
3.19247e-11
9.79492e-05
4.57809e-07
0.000674261
4.56898e-07
2.32904e-10
0.954345
0.965007
0.970152
1.21437e-09
3.58688e-09
0.00168518
0.970775
2.44538e-12
8.21739e-05
4.52651e-06
0.969492
1.42593e-09
2.25315e-11
9.38038e-06
4.11959e-12
2.41629e-11
1.21428e-07
0.946998
1.85338e-07
1.28788e-08
1.76663e-11
0.776242
5.39391e-12
5.04729e-08
2.13562e-08
9.23985e-07
0.00259093
1.01652e-12
1.10068e-10
0.00111018
0.968953
1.08458e-09
4.58098e-08
0.968489
1.14153e-12
1.35396e-06
2.08584e-08
2.92011e-12
0.971049
0.0013682
0.939714
4.46739e-10
6.15007e-07
5.62328e-12
2.63918e-05
6.87894e-13
0.951968
1.59058e-06
4.10338e-07
3.38131e-09
0.0214232
8.72125e-12
1.28365e-10
0.969753
0.969988
1.96868e-08
1.15861e-11
0.00818826
5.89368e-10
4.23672e-09
2.49178e-12
5.55512e-10
4.01514e-08
3.72146e-05
6.0123e-12
3.23929e-09
0.964982
0.965947
0.966135
0.952423
0.929428
4.41758e-12
3.87115e-11
5.85527e-05
7.96474e-13
0.00345371
4.36578e-10
4.33172e-08
2.36388e-05
0.000173603
8.76479e-07
2.82537e-07
1.66374e-11
2.31921e-06
2.28195e-12
1.78278e-10
2.54903e-10
0.306639
1.54628e-06
0.963018
0.000499194
0.000411182
1.4091e-12
0.000611553
1.47895e-07
7.03497e-10
7.24226e-08
3.46967e-12
0.960762
5.25063e-07
1.20375e-05
3.65855e-09
5.77877e-07
5.54573e-07
6.39044e-13
0.000154262
6.32591e-07
0.967103
4.47982e-08
1.87672e-11
2.74481e-10
1.35807e-10
6.17728e-13
4.90163e-12
2.28626e-11
1.28554e-07
5.27756e-12
0.971229
8.38574e-12
1.97886e-12
1.90623e-09
4.48741e-10
0.000684229
2.60636e-12
5.2023e-10
5.84616e-08
1.1753e-06
0.877952
4.05262e-11
4.22699e-08
0.971331
0.969771
0.957136
0.971647
3.41333e-08
1.45925e-06
0.971385
6.14404e-11
1.36236e-09
6.18054e-11
5.83918e-08
7.7074e-10
1.38177e-09
0.967509
2.15997e-06
1.34139e-09
1.10558e-11
2.41779e-05
1.20711e-08
1.64337e-11
1.60131e-08
4.50642e-10
0.0884161
5.58095e-05
2.18825e-10
1.06987e-06
1.00439e-07
2.58667e-10
2.91434e-07
4.25555e-10
0.00040139
0.971116
4.15489e-07
5.12963e-11
1.30083e-11
2.28778e-07
6.85972e-10
0.969254
1.10016e-06
2.57938e-05
9.67405e-09
3.0561e-07
0.000335165
1.84001e-05
1.81651e-06
5.66658e-13
2.5293e-06
2.14929e-06
1.03536e-06
1.69765e-10
0.911558
4.71018e-08
0.000404834
1.42071e-09
8.44238e-07
1.16018e-12
4.6447e-05
2.62786e-09
0.953726
3.97379e-08
2.35846e-10
0.924763
2.63907e-11
4.36052e-05
8.01845e-10
4.72726e-09
1.2073e-05
0.000146492
5.76296e-07
1.17306e-12
0.000909708
0.938274
2.5701e-11
3.86924e-11
3.51115e-11
2.26803e-11
1.94478e-08
6.3993e-06
0.967003
7.05212e-07
4.62982e-10
0.00412395
8.278e-11
3.34948e-10
6.37246e-12
2.70067e-07
7.53494e-08
4.16156e-12
5.6475e-07
2.59817e-06
6.31537e-06
7.75127e-11
7.26899e-08
5.89914e-07
2.39707e-06
2.36194e-06
1.06307e-07
6.80556e-11
0.970578
4.46677e-07
0.968635
0.94657
8.82158e-08
2.63716e-06
7.28452e-05
1.64649e-09
2.86657e-08
6.85108e-06
9.47453e-11
0.971447
8.00027e-13
2.3026e-06
0.969304
0.00213403
7.2469e-09
1.9769e-07
4.41214e-11
0.000155602
4.17899e-08
8.34199e-12
4.71243e-10
0.918273
0.970756
8.26694e-12
2.76386e-07
0.944583
2.02769e-10
1.08915e-08
3.70626e-09
0.968985
4.67254e-10
0.961927
0.968221
3.63624e-07
0.0030903
1.48169e-08
3.91819e-06
3.58144e-10
2.30597e-07
4.27955e-05
1.81281e-09
7.16964e-11
8.03355e-11
7.0921e-13
4.56452e-10
0.969405
0.965918
1.30225e-09
2.54704e-09
2.52562e-06
1.97742e-08
6.11785e-06
3.46922e-12
7.54863e-09
0.964863
1.22168e-05
7.57394e-13
1.7857e-10
5.22617e-09
6.89827e-09
0.592585
0.968686
6.57221e-07
0.971329
3.18659e-09
5.15721e-12
0.95344
2.13427e-07
2.80105e-11
0.97152
1.89271e-12
0.00336362
0.966951
3.0891e-05
0.000774054
9.05259e-06
9.53237e-13
0.970018
2.69085e-11
1.87206e-12
1.53753e-08
7.20003e-05
0.969934
0.000309524
9.20373e-06
8.61089e-13
6.54445e-05
5.56113e-05
3.7456e-10
1.34454e-10
2.13184e-09
5.81202e-12
0.87871
3.92027e-08
4.85634e-12
3.61975e-05
2.62684e-08
1.38032e-11
0.952926
7.62945e-12
0.00985132
1.63043e-05
2.68413e-08
3.79223e-11
0.940083
5.22398e-09
0.000918853
4.54626e-08
0.948242
5.05944e-08
2.29952e-07
4.5747e-09
0.9171
1.17273e-11
3.49012e-10
3.01653e-07
1.56301e-05
6.25959e-11
1.60374e-07
3.95465e-10
0.959204
3.42501e-08
4.69248e-06
1.38938e-11
0.925511
0.895994
4.31031e-07
2.40452e-12
5.61551e-13
3.39497e-06
6.25975e-07
3.33912e-06
1.30253e-07
0.971493
0.00436745
2.45742e-06
9.80932e-10
0.00100267
2.16405e-12
3.62877e-06
0.970733
4.71135e-07
0.969002
0.00375779
2.64768e-11
4.33443e-10
7.18041e-07
4.54659e-12
0.962917
1.61414e-10
0.969388
0.968773
0.965092
7.96585e-12
1.31303e-09
0.958953
1.07109e-05
2.50677e-11
1.06052e-07
0.938406
3.52627e-07
2.10095e-09
6.09344e-11
9.71445e-13
1.11284e-07
5.61548e-10
2.32057e-10
0.971233
0.970352
1.44363e-10
5.05283e-05
1.0572e-09
1.77658e-12
8.44169e-12
8.2564e-10
0.177314
2.22156e-06
0.917881
0.000525477
3.0215e-08
2.63611e-12
5.53657e-11
0.961823
6.24734e-11
1.90831e-06
9.02368e-07
1.20722e-09
0.00135119
0.971136
6.92713e-12
1.78038e-10
7.62954e-11
5.39121e-09
5.49323e-11
1.60237e-09
2.44399e-07
0.00872147
3.85982e-11
6.41487e-13
0.000156938
2.32019e-05
9.68337e-13
2.5927e-07
0.000632528
0.9359
4.57822e-06
4.64719e-06
8.53624e-07
8.21987e-12
0.899449
5.69278e-08
1.24254e-07
1.27054e-06
1.23153e-05
2.60038e-10
1.14397e-12
0.970777
1.89515e-12
3.30013e-09
3.9365e-11
1.20186e-05
2.15027e-07
0.000107126
7.82998e-07
1.68637e-07
4.34801e-05
2.86044e-10
3.08119e-08
5.04169e-06
9.07138e-07
0.965671
1.77136e-07
0.960954
0.000188947
2.79148e-07
0.906225
9.91407e-12
1.30917e-12
3.31239e-11
2.00567e-06
0.970721
0.968846
8.90139e-10
1.77434e-05
1.4759e-09
1.74711e-09
0.000447107
7.14229e-12
1.70231e-07
0.38325
9.9476e-13
0.921422
6.68419e-05
0.000157214
0.970907
1.00559e-08
4.68104e-07
1.5058e-09
2.17062e-10
8.29742e-07
0.968313
0.969772
5.80948e-08
4.88229e-11
1.15334e-08
6.88347e-11
6.60979e-06
2.67762e-09
0.968289
1.75382e-11
7.91682e-08
9.29035e-13
1.47071e-06
2.63687e-10
0.00709082
7.68652e-12
3.52017e-10
0.967881
6.72581e-06
3.33287e-11
1.55703e-06
1.40243e-12
5.23965e-11
5.96527e-09
0.0104789
9.99132e-10
9.86489e-11
5.06538e-09
8.82849e-13
0.941081
0.000328764
6.41931e-13
0.00069572
1.22533e-06
5.21487e-11
5.23507e-10
2.85616e-12
6.48882e-10
1.60889e-07
2.4613e-11
1.0949e-12
1.71863e-12
1.21255e-10
4.96999e-08
2.87781e-11
2.1172e-12
1.25411e-12
6.41257e-07
9.27911e-11
0.000214267
0.000418201
0.000541093
1.11922e-11
6.56364e-13
3.53669e-09
4.39244e-05
1.96025e-09
0.967141
0.966379
5.75873e-09
1.7176e-11
1.76836e-09
1.74792e-06
3.18237e-05
0.835622
6.30598e-07
3.201e-12
0.971502
1.64362e-08
2.89545e-10
5.48754e-07
6.29935e-05
1.0799e-10
3.99045e-11
5.55968e-09
0.970166
6.18034e-09
0.971239
9.28502e-06
4.21625e-07
1.17311e-11
7.39826e-11
5.97966e-13
9.53068e-05
3.21644e-10
0.970074
2.13857e-05
9.28142e-08
0.000865648
0.0215625
1.49433e-08
1.95838e-10
8.16061e-11
2.44362e-06
0.838357
9.89941e-12
0.000561024
1.52446e-05
1.59589e-10
6.47133e-07
4.94709e-08
6.69078e-07
0.943563
4.58947e-10
1.66098e-06
0.971121
1.33326e-07
0.969589
3.84248e-05
0.108231
0.970724
1.20612e-05
0.960562
3.73699e-07
5.65215e-12
3.4699e-05
4.91918e-12
1.59157e-11
2.74967e-07
0.948541
0.734042
2.31646e-10
0.97026
0.96857
1.21778e-07
4.3421e-05
0.965815
0.000143549
2.61972e-09
1.73629e-08
0.000663066
3.82977e-10
4.74087e-11
2.92544e-12
8.17812e-12
8.3292e-09
0.96508
2.69541e-08
5.2322e-09
0.971305
0.000272522
3.31588e-10
3.58923e-08
5.52097e-09
6.39317e-05
0.000399906
0.000469584
0.971284
2.76374e-11
6.57973e-10
2.08516e-07
8.5919e-09
1.06961e-11
1.1628e-08
3.47238e-11
7.70628e-07
1.84983e-11
0.945462
2.59115e-10
2.86501e-05
0.960397
1.8523e-12
0.000116985
0.000153754
3.14948e-12
2.42206e-06
7.93398e-08
3.67546e-08
4.39971e-07
2.45181e-06
8.83363e-07
7.98393e-07
0.00462416
2.05928e-07
5.87904e-08
0.971663
2.32825e-11
7.51494e-05
8.02656e-05
0.965832
2.00459e-07
0.961835
1.60282e-08
6.58032e-05
0.000116559
8.99417e-10
1.1001e-08
3.23674e-12
0.941665
1.20355e-07
6.26262e-07
4.79632e-11
8.92006e-06
5.64659e-13
0.000309575
2.14505e-10
8.11398e-07
0.960013
3.29618e-08
1.81117e-10
2.55069e-10
4.81617e-07
2.89711e-05
0.971395
2.53531e-12
3.8159e-09
1.98744e-07
1.01319e-12
2.37495e-09
5.14999e-11
0.000120357
1.49725e-12
0.969297
8.70169e-08
0.965725
1.83418e-11
2.98794e-10
9.67448e-13
1.53233e-12
1.69765e-07
5.75946e-11
5.79257e-09
4.32826e-09
7.37521e-12
7.35302e-09
0.963035
2.9711e-09
3.59788e-06
5.16098e-06
3.88013e-09
5.71483e-11
6.92968e-10
3.52711e-07
1.54793e-10
8.23601e-10
9.58128e-07
1.86917e-12
2.31516e-06
1.8576e-08
1.80832e-07
9.74218e-11
8.04854e-10
1.78657e-12
1.7778e-07
7.77399e-08
0.970736
6.63158e-12
2.07133e-07
7.97665e-10
0.000305166
0.00276147
4.37933e-07
4.9786e-11
4.44322e-07
0.968676
5.47171e-11
2.84477e-10
1.44918e-05
4.38581e-07
7.8296e-06
4.73822e-07
1.54138e-09
6.35404e-10
0.000196849
0.00147222
2.21658e-07
0.938755
4.69433e-05
6.63873e-05
0.00172148
6.33398e-05
0.971168
0.968405
3.29644e-10
1.04931e-07
8.74545e-11
1.10487e-08
1.56208e-12
1.26827e-10
0.000876332
0.971638
4.40443e-10
3.30332e-08
1.84315e-06
5.84288e-12
3.01441e-10
1.15796e-12
8.43273e-09
3.98831e-09
0.900625
0.00224332
3.02885e-06
2.92926e-09
8.05394e-11
3.44981e-09
3.70914e-06
3.192e-09
9.11626e-12
0.970925
3.98065e-09
1.50879e-12
5.36926e-07
2.18517e-10
1.15682e-05
5.11228e-07
2.56928e-12
1.28886e-09
0.888716
1.27286e-08
3.24155e-10
1.32863e-11
7.48934e-12
7.67611e-09
7.22311e-13
2.53544e-07
1.65645e-12
2.89856e-08
1.61748e-09
3.51799e-07
0.958447
0.890659
2.18248e-12
1.78852e-10
2.59237e-12
1.68678e-11
8.93161e-05
1.20348e-12
8.34022e-12
0.000817541
0.190834
5.43705e-09
5.09869e-10
4.67658e-06
0.000140446
1.51726e-07
0.969552
1.91862e-06
0.523509
7.76601e-09
6.8263e-08
2.08391e-10
0.138339
3.64058e-10
3.15809e-10
0.000209883
2.29074e-07
7.02882e-12
7.17553e-08
6.41724e-07
5.42065e-08
9.56292e-06
4.51411e-10
1.27247e-10
0.963791
0.00191775
0.965682
3.3846e-11
0.959636
3.5457e-09
4.12625e-12
1.29652e-12
2.70922e-07
8.24646e-10
7.3576e-07
0.970833
0.969349
1.08824e-10
4.87506e-11
1.70656e-05
1.48275e-05
6.33591e-07
3.92464e-12
1.33644e-07
0.97091
6.17399e-05
2.57217e-05
0.967279
0.971234
0.971371
6.08619e-07
6.20005e-05
4.09923e-05
0.000189684
5.04878e-08
1.43501e-07
2.24666e-05
6.22258e-12
7.56606e-06
7.48734e-12
6.52498e-10
2.64255e-09
1.36857e-07
1.20667e-10
0.000712524
4.48445e-07
0.944483
0.95062
0.00387424
2.15276e-10
0.967298
7.26841e-12
5.97504e-08
7.40008e-12
0.970169
1.16382e-06
6.02629e-13
2.45811e-07
0.967644
1.16471e-08
1.16256e-10
0.968547
4.13561e-07
0.969075
5.15643e-05
2.64967e-08
1.94195e-06
3.00362e-09
4.67725e-08
0.433688
1.53154e-06
5.78092e-09
9.03388e-06
9.0717e-05
4.40358e-06
1.67845e-07
0.000454313
9.15463e-11
2.29019e-05
7.42668e-11
7.21249e-06
0.955069
5.42813e-08
5.37212e-11
8.68784e-05
0.37762
2.9835e-09
0.0408826
2.7705e-08
2.32214e-12
0.970527
1.12392e-05
9.3363e-07
0.971406
5.43852e-06
6.7292e-09
8.44902e-12
3.05945e-07
5.04863e-05
1.30222e-11
6.99898e-07
0.970851
2.09787e-07
0.971279
5.93681e-12
2.41482e-06
2.37406e-09
5.0354e-07
7.01528e-11
0.923934
7.11409e-07
1.50804e-05
0.970902
2.77035e-08
0.955167
0.97163
9.25054e-05
3.63746e-10
2.32772e-09
1.36334e-08
0.956602
1.79818e-05
4.89261e-08
5.97866e-05
3.03817e-11
3.55092e-11
8.50343e-05
5.77831e-11
0.958766
3.23608e-08
4.26497e-06
0.00163759
1.56963e-07
3.25077e-06
2.87882e-10
3.13616e-12
7.71605e-13
1.93115e-08
1.53843e-05
7.85443e-08
3.66646e-06
5.22851e-05
0.000679965
1.18043e-06
8.17124e-12
0.969729
2.6564e-08
2.16384e-07
1.09516e-06
0.000967945
0.971251
0.970439
0.00788393
1.8219e-10
5.63882e-12
9.93892e-10
7.85518e-05
0.000885273
1.06026e-12
5.06754e-10
3.58232e-05
0.928038
0.953611
1.79366e-08
5.73763e-13
0.965473
3.21966e-09
3.37495e-09
2.07212e-12
5.32836e-11
1.927e-08
1.36071e-10
2.17855e-11
2.55707e-12
1.46013e-08
5.65985e-08
6.65631e-09
1.86569e-10
2.78282e-08
3.205e-09
8.05356e-12
0.00342097
7.3453e-10
7.48303e-05
1.77055e-05
1.49585e-10
0.970058
0.000359812
0.834215
4.95155e-10
0.971624
6.34371e-06
2.3631e-08
0.000194192
0.00515796
0.000762072
0.00226898
0.000448978
0.00249846
1.81267e-10
1.85744e-07
1.30454e-08
2.12889e-07
0.0548031
2.17029e-10
0.00755687
1.57833e-06
3.10685e-12
5.0171e-12
0.970273
0.955669
1.4223e-07
8.87904e-06
0.000909372
1.7533e-08
6.59352e-07
2.27549e-11
0.00062374
0.966486
8.86269e-12
0.947151
5.90791e-10
8.64198e-12
2.88067e-11
0.971648
1.12057e-11
5.79423e-06
3.9595e-12
4.17286e-09
2.99066e-06
2.49153e-08
8.83293e-13
6.78685e-07
8.73352e-06
0.970739
0.00017241
0.00160129
5.69766e-12
0.969587
1.60343e-05
1.62781e-12
6.87352e-06
0.969888
4.439e-08
0.969766
1.39025e-05
2.14473e-12
1.86154e-10
0.9715
8.03839e-08
0.971639
8.41057e-06
0.966966
0.00105706
0.900506
9.47227e-11
3.18157e-08
1.03321e-09
7.06257e-12
1.1458e-07
7.26308e-13
2.09049e-06
5.61107e-13
8.7216e-10
5.02025e-05
5.00027e-11
4.32347e-08
8.69203e-10
6.97886e-13
0.000174003
4.93659e-10
1.72427e-09
3.23519e-12
6.48464e-08
1.90863e-11
3.55847e-08
0.84167
2.04095e-11
0.860401
0.969923
4.38036e-05
4.60034e-11
3.74699e-10
1.11711e-12
2.37205e-06
6.81066e-09
1.75788e-11
4.05587e-12
5.02421e-05
7.6477e-11
1.95133e-12
8.51586e-09
6.97242e-12
2.48765e-07
1.52704e-06
0.8678
0.965562
5.98311e-07
2.11742e-11
1.77645e-07
1.31987e-10
1.74263e-09
6.10401e-13
2.08746e-10
7.07102e-10
8.88607e-06
1.28714e-06
1.64132e-06
4.96286e-09
3.8245e-11
2.12588e-05
0.93025
7.60419e-08
3.0876e-07
5.9179e-05
7.99316e-09
7.20792e-09
2.09575e-08
8.68283e-12
1.15725e-07
5.60885e-13
3.54751e-07
2.44335e-07
5.07676e-06
3.83706e-06
4.19516e-11
2.80253e-06
0.00115636
1.92753e-06
1.78926e-08
0.970308
2.35185e-10
3.61726e-07
1.15105e-06
0.000157929
3.7379e-12
0.429349
1.47911e-11
0.949929
6.58673e-12
0.97002
0.000863163
6.72344e-08
6.20609e-06
1.16191e-05
0.0559421
4.35644e-07
0.963274
0.00425797
0.956924
0.703668
1.58028e-07
1.03748e-11
7.16938e-12
3.57561e-11
0.0006525
2.92067e-06
3.81027e-09
1.58762e-09
8.0964e-08
1.29718e-12
2.13303e-10
4.18778e-08
1.65719e-07
0.955656
0.966316
0.000184174
1.38578e-12
0.0184494
4.57917e-08
4.66758e-09
0.000127571
0.0320232
6.10656e-11
0.0843478
7.98823e-11
1.86588e-10
0.914472
4.78597e-11
6.85861e-10
6.44625e-08
5.11861e-10
8.16536e-05
3.43962e-09
1.26441e-11
7.7971e-12
2.11567e-05
5.96697e-06
0.968771
1.83867e-08
1.48888e-11
4.36365e-07
0.970894
9.15627e-08
0.971519
3.76419e-11
1.0527e-05
0.000348295
0.000831505
2.02105e-11
2.31224e-07
0.000358943
6.00275e-05
3.77415e-07
1.00564e-12
1.04869e-10
1.25899e-06
3.38995e-12
6.25014e-07
2.88589e-11
2.95148e-07
2.73779e-11
4.96616e-10
2.85216e-12
0.222189
2.57089e-09
0.968029
3.13589e-11
0.892869
0.00129505
0.00111222
8.75439e-06
0.021583
3.39431e-07
2.26865e-08
0.971433
6.11292e-10
0.00157559
0.89878
1.34264e-05
0.000712562
4.81154e-08
0.0052229
2.63715e-06
8.56875e-11
3.26821e-08
0.967554
0.00320679
0.970752
7.83508e-07
3.24355e-05
2.23378e-08
4.75554e-08
1.39408e-10
6.27765e-12
1.84607e-10
0.946477
0.970372
0.443362
0.971622
0.000624516
4.37395e-05
0.96897
0.00405277
1.63418e-11
2.10868e-10
3.34222e-05
0.970167
3.5916e-05
6.4735e-07
2.13368e-10
1.83851e-11
6.34824e-08
3.22504e-05
2.89435e-06
5.30753e-12
4.49605e-08
8.52771e-06
2.07977e-05
0.969042
1.21128e-06
0.968861
9.07747e-06
8.49947e-05
2.8382e-09
0.961267
0.00590054
0.960562
9.31633e-12
0.947151
3.16873e-05
1.88946e-09
0.905094
5.97497e-05
5.5672e-10
2.05857e-06
1.16436e-10
1.86694e-07
4.5528e-12
0.903413
0.000921294
2.9378e-06
0.971564
0.534083
1.61652e-08
5.78656e-07
4.9112e-09
4.68296e-06
4.7236e-10
1.66992e-09
8.21807e-11
2.52661e-08
1.89774e-05
1.62207e-07
0.963028
9.30363e-05
0.000107762
0.967472
0.00158586
3.09508e-12
0.0241564
1.74779e-10
6.15106e-09
8.89733e-13
2.89496e-09
0.969262
7.29944e-09
1.49984e-08
3.59681e-06
3.68385e-05
5.66447e-11
0.935107
4.12037e-06
1.4108e-10
2.70183e-09
1.04245e-10
0.97163
0.0022796
1.53939e-10
0.000131259
0.0052827
1.00407e-05
0.956447
2.67883e-11
0.000383402
1.3889e-07
2.28664e-07
4.76799e-08
4.73702e-08
2.87042e-10
5.94036e-12
0.953995
9.6301e-06
0.00588121
7.22687e-05
0.0493651
8.48598e-07
0.965306
2.03394e-06
0.970776
3.82772e-07
9.91653e-11
6.24362e-08
3.21067e-05
1.10466e-07
1.28697e-12
7.48068e-13
5.17184e-11
0.011142
3.3308e-08
5.98596e-05
3.57847e-12
2.54659e-11
0.000191598
0.00619266
2.67399e-05
3.67057e-05
2.14928e-07
1.60366e-07
5.53291e-05
9.41949e-11
1.97111e-10
2.49352e-06
1.69453e-09
2.81749e-05
9.81659e-11
4.82949e-11
9.02055e-05
1.28183e-08
4.16711e-12
1.25175e-07
2.02253e-09
4.79512e-11
7.14839e-11
6.11e-12
0.964082
1.13396e-07
2.88702e-07
1.49347e-12
3.57689e-08
9.91668e-07
4.88692e-08
4.61022e-08
4.04658e-09
2.65212e-06
4.4879e-07
4.97313e-12
2.06887e-05
5.25002e-12
0.000124488
0.97137
0.969146
4.78809e-09
4.87094e-06
3.90491e-05
0.0102311
1.05989e-10
0.966156
3.19228e-05
2.46951e-06
0.395929
5.5322e-06
1.39046e-09
4.56346e-11
2.46714e-12
0.971024
1.50384e-11
0.951393
9.2057e-07
2.04138e-08
1.37816e-10
3.41598e-07
7.2427e-07
9.19592e-07
0.928204
1.86597e-06
8.10317e-09
0.00016586
2.21566e-10
1.12848e-05
0.97118
0.00233237
0.971023
0.561858
8.67331e-10
1.90232e-08
7.96967e-06
5.18299e-10
1.03184e-12
2.03992e-12
6.2074e-06
3.64442e-05
0.971446
3.72095e-09
2.36932e-08
1.00321e-08
4.70768e-11
1.34502e-07
2.84439e-12
1.57963e-12
1.51744e-10
0.0160462
1.87895e-10
0.000111831
1.36035e-07
8.663e-07
2.45289e-09
6.41201e-06
5.5395e-11
0.00439428
3.60358e-09
2.74095e-07
5.63054e-11
9.37874e-10
5.60746e-06
4.11609e-07
2.90335e-09
8.17457e-12
5.51345e-08
5.19562e-12
4.26125e-10
0.96652
9.08342e-11
1.35865e-11
2.78466e-11
2.2272e-07
7.90049e-10
0.000113422
1.92403e-08
3.99443e-10
3.05038e-08
3.20443e-07
2.12003e-09
3.29504e-05
0.0019414
2.27796e-06
0.245484
1.06771e-09
7.33085e-11
0.000121935
3.1084e-12
4.02611e-11
5.40217e-09
0.0110888
0.950574
0.0163922
0.0686152
0.000135387
5.51355e-06
9.03628e-07
1.36602e-06
1.12426e-07
7.75693e-06
7.94269e-08
0.192021
7.15872e-13
5.54211e-06
3.46145e-12
0.751626
0.945119
4.2781e-10
0.970592
3.20195e-07
0.000445818
5.41509e-11
1.11356e-08
0.000308059
2.98411e-08
1.40673e-10
9.47629e-05
1.91584e-10
2.49076e-10
1.9597e-07
2.49678e-07
2.943e-05
1.86735e-11
8.81961e-13
1.83112e-09
5.64104e-12
0.0197998
0.000493155
0.000607536
1.92786e-05
7.8515e-13
2.3716e-09
3.70802e-10
7.69542e-11
0.624562
7.49825e-06
3.84739e-05
2.84021e-09
1.69026e-10
1.68593e-05
0.968307
3.49196e-09
1.50081e-05
1.3782e-05
1.43691e-09
2.35806e-06
0.892421
0.000713469
5.87125e-05
2.76913e-07
7.12144e-06
0.967011
5.82432e-06
1.36274e-06
3.36399e-09
1.55073e-09
2.80733e-08
0.000901793
0.00149759
6.45692e-11
1.37821e-07
0.00169503
0.00322886
0.000155071
0.693843
2.15789e-05
9.80283e-07
2.58425e-08
3.6549e-09
0.0208515
0.00354776
0.00038182
5.51596e-07
4.60591e-09
0.000589427
1.36728e-07
2.18801e-08
1.57554e-10
0.00359874
0.965132
3.16871e-11
1.22281e-06
2.32111e-05
0.000736156
8.85514e-12
1.69009e-11
0.000756606
1.55768e-05
1.97575e-12
0.000952517
3.19187e-05
0.000102255
0.959052
3.10996e-12
3.31481e-06
2.62321e-10
1.42772e-05
2.65602e-09
7.26041e-12
9.53911e-10
1.65445e-05
1.82654e-12
1.65535e-07
0.0788262
0.898637
0.0150308
1.39497e-05
4.82038e-07
8.86451e-06
0.96169
1.87458e-05
1.78528e-05
8.1989e-08
5.84994e-11
4.38657e-09
9.81393e-12
8.98211e-07
9.12512e-06
5.25258e-07
2.26383e-11
9.94705e-07
1.76059e-06
2.08379e-10
2.67303e-07
1.71803e-06
3.22302e-07
3.30027e-08
1.32494e-07
0.970695
0.00143135
0.971599
1.03949e-08
0.967103
1.04961e-06
0.971481
9.75601e-09
6.10901e-06
1.39821e-10
6.1431e-06
0.884509
8.25499e-10
2.6822e-09
0.000750608
1.20201e-07
0.965889
0.000218305
1.12225e-07
0.00110338
7.44297e-07
3.69749e-12
6.58584e-13
0.96964
0.00256426
4.9507e-09
5.82778e-12
2.40841e-11
3.26216e-05
4.16629e-09
0.957782
0.000556082
0.944407
0.000180348
1.64646e-12
0.602418
0.0465668
1.30633e-11
3.37738e-09
0.97094
0.96777
0.0039354
1.66562e-09
0.94148
3.56493e-12
0.9699
3.44029e-05
0.966668
1.3214e-08
2.51383e-11
3.87794e-09
7.98396e-09
4.4938e-05
5.1444e-08
2.64954e-05
7.35123e-12
3.73721e-10
0.000250444
2.10019e-10
3.8692e-07
0.967784
0.833115
9.02611e-13
1.04575e-05
0.971341
9.06935e-11
6.23049e-07
0.96967
0.921117
9.31066e-10
0.304393
0.950204
1.81973e-07
9.60558e-07
1.7303e-06
0.0366786
0.000104595
2.36788e-12
1.37416e-08
0.00156095
5.68119e-06
1.33674e-10
8.46486e-08
5.04925e-08
9.58678e-05
6.22511e-08
6.57253e-10
0.806479
2.32799e-09
2.08906e-06
6.66354e-05
1.80645e-10
1.00499e-09
3.41832e-05
0.971599
1.25167e-12
7.00759e-05
1.59201e-09
4.09427e-08
0.969596
6.50224e-11
0.306761
0.00170256
2.88325e-11
0.846528
4.94133e-05
0.966236
2.59222e-10
6.38667e-10
1.05285e-10
3.96988e-05
4.77773e-12
0.00060219
1.49207e-11
0.969867
0.0163459
4.46598e-07
0.000401028
0.971666
3.19871e-07
8.20832e-12
1.47079e-08
3.52819e-05
2.875e-09
3.16532e-09
0.968037
0.967645
0.00373119
3.09686e-12
8.34193e-09
7.77222e-07
0.000294425
7.85572e-10
4.40736e-12
8.87689e-09
6.76297e-11
3.9643e-09
1.68972e-11
8.07568e-05
3.03132e-10
7.70783e-05
1.64631e-09
1.20456e-09
6.41756e-08
0.953807
0.86513
5.61246e-05
6.79452e-08
0.960448
0.968013
6.39365e-09
8.67603e-07
0.037098
1.03291e-06
0.959965
1.96487e-08
7.52495e-08
1.08573e-10
1.18322e-05
0.968666
5.55025e-11
6.09573e-05
1.44766e-11
1.68946e-09
1.42008e-07
0.0024815
1.33306e-08
5.7674e-10
0.96226
5.78986e-11
1.922e-07
3.8847e-10
0.93252
7.16104e-08
3.18307e-06
1.07389e-07
1.67761e-08
0.00237774
2.56772e-11
3.21417e-08
0.000670022
0.967557
1.62883e-11
3.50205e-10
8.11643e-06
0.956917
0.472244
7.34167e-06
6.37557e-12
7.63165e-11
5.90705e-12
